1409 934
6227 6169 3621
8310 3891 8367
7909 1054 2893
5939 3364 3556
5649 2008 9317
6876 2701 7101
5143 7258 1478
4537 9166 9194
3878 7219 3448
5875 534 3059
5376 984 3710
6654 9951 9870
1196 3143 3043
7531 2925 6688
1313 9641 5158
9214 5269 7769
560 8535 5027
9724 9130 4474
5313 7155 2243
2920 3653 2569
5666 5087 6261
7934 5756 6504
9181 2096 2078
6848 4798 8929
6024 4277 2558
4737 392 869
1 2319 9715
5359 3458 8117
4474 381 9139
645 8308 641
8258 9590 3940
9936 6532 1409
9909 2593 7791
8768 4515 6833
6806 6670 5206
1123 2264 7793
6747 4882 3234
5997 3400 8348
7432 5554 6304
5995 1383 1304
3839 3375 1198
810 2788 4126
423 3767 8450
9138 9995 8171
9947 6462 1082
4727 9708 6024
6262 2690 1194
5362 6976 6245
1404 5781 1777
2299 223 8684
9019 3213 4094
7963 623 6804
8226 3190 1106
7889 6590 2355
4882 3889 9991
3426 4784 6040
1267 2734 9472
1957 1631 1144
7737 1761 9841
2862 6664 5672
4472 9159 4354
3050 9928 1324
7636 7738 5310
8843 4121 3903
7676 9998 914
8533 3807 4738
9496 1981 8243
1689 3832 7673
5266 7450 2031
3313 9841 6067
2290 3038 1208
2780 9416 4937
413 7972 7389
6699 1331 425
4255 3861 2586
2588 5383 1476
8632 4771 1314
8022 6580 2214
3108 3184 7435
4949 8564 3717
2414 3370 7145
1574 6739 1277
8550 7081 3822
2917 1062 9673
3072 6446 7137
8871 4271 1861
3264 1396 9533
6707 7684 2099
3140 331 5660
8405 914 6123
2322 9809 3861
2612 2286 1431
7043 9263 6994
5618 7258 6030
6270 7428 9398
5558 9004 7200
8856 8202 8398
1910 8262 6851
748 1023 3814
3463 8176 2220
5062 2954 4334
8073 9310 4609
8149 1068 3101
5261 5940 6605
7793 7900 9942
2361 3970 1332
2969 1141 8264
8814 4194 6776
1905 549 2219
2472 6648 5356
2587 7620 4761
1463 1093 2024
5444 3127 6906
2236 610 6157
3554 1556 7875
9191 9701 5450
1307 4100 9728
9167 2005 6574
9624 6485 784
6643 6076 1728
4378 4512 113
6063 2681 2829
5884 7599 3869
3474 4777 1969
699 5920 8036
7262 2736 2055
562 654 5691
5040 7008 421
4554 2740 4916
8865 5922 4146
7456 7707 5630
6285 7446 811
6968 1950 8622
4051 8231 7814
3937 6202 1247
1964 4641 4965
3898 1430 151
9169 9352 9437
7572 2777 5611
6759 4599 2776
4968 5699 7894
1389 9157 25
3548 1491 4420
24 8281 5310
8705 8038 2356
9149 9993 6396
4335 3993 8734
6624 844 8710
6035 9722 4673
6220 9195 8143
9385 6851 8577
9122 8949 6625
5606 5829 6992
3141 3609 7102
3176 3701 3483
1590 4014 790
129 524 7335
3933 9973 4632
9408 7724 7453
4825 1216 3549
7649 5546 578
8088 9999 1201
582 4506 7611
5657 9467 741
199 3424 720
4145 1799 8274
2567 917 334
1595 3227 6015
2216 8951 3475
9333 7191 6550
6192 8355 7540
7063 2347 8386
8252 3449 7153
2246 7851 6781
1606 4850 8525
7481 4933 2616
1458 2946 1399
3978 1868 9819
1406 117 2877
4784 3082 3182
4761 6044 2595
1643 4330 6135
563 7975 8159
8176 4094 1862
8823 9679 2168
7431 1540 8302
6293 2659 5662
9442 210 9014
131 372 2252
367 5783 5024
870 351 7420
2593 650 600
4749 3319 2362
9034 5607 1408
7597 1768 3229
1901 3736 4650
1987 8562 7586
6658 833 3062
9254 4844 7243
6633 9350 1501
1019 668 8551
7780 1828 3086
206 9395 5602
4015 1197 9000
1662 7654 2238
7378 8681 3000
8297 1173 5251
5817 912 437
1656 9537 1236
402 3851 5193
4717 5644 1922
2839 8515 5568
4204 8159 5494
2174 5000 1382
7559 3778 3658
4926 4902 6925
2636 6426 4424
4435 9584 8318
7987 8680 4583
4357 8491 5105
1796 427 849
4245 6963 2335
3302 3556 6137
7480 2533 9510
4654 6776 6300
9112 9495 797
1894 4350 6581
9832 4285 7482
2028 7357 7830
7398 4482 7809
6046 9702 2549
9351 5946 5790
4595 6097 2932
8606 8330 6005
2605 1452 3253
8845 8164 5193
6605 6111 9212
5217 3776 7595
5493 1098 5206
5960 5229 8741
292 8912 2234
8629 9003 2598
9775 9977 9821
7542 6909 8766
9932 592 9083
1667 7219 9309
291 4475 9075
4955 5161 9272
7448 4185 8563
3483 1611 7149
1570 5538 6900
1440 7582 6168
273 2954 8696
9469 5903 421
1663 8825 5698
9199 6656 6488
4660 5303 5318
2960 7541 6826
4352 5779 4498
5290 4537 3702
4739 6509 171
5758 6363 9251
8975 4465 7100
6003 4528 6387
5521 2218 3643
5139 7102 7708
5245 9245 3405
1619 2750 822
6808 4119 2124
8371 5977 2421
5435 4716 1302
6278 6094 1432
7877 6044 4473
1235 6798 4162
721 6725 5996
9804 4976 9688
6233 7888 5472
3869 1161 1979
5913 6610 9800
295 9415 4470
2504 438 1542
1198 1492 8603
5811 1058 3271
225 603 9498
9803 5501 8912
8121 1576 2771
4929 1240 8025
1445 8290 8109
7648 3463 826
5236 9287 3894
7706 9422 4580
9875 1163 9196
4583 677 7682
8616 7959 8572
906 7354 7504
751 8719 1003
932 5054 2587
1188 7307 8674
7438 8418 7546
5921 1648 973
8802 3950 4557
1817 13 5846
9658 305 596
8740 9837 8399
364 2834 3137
8140 9237 158
8804 8953 289
7321 8389 4172
7316 4797 6391
3257 5312 5264
7608 4643 283
9059 2823 4008
2382 881 3331
6605 4251 8520
709 5370 4447
2154 3255 6375
2659 1373 2121
2297 7455 3384
333 796 830
1227 4924 7893
8561 1 6295
3891 1547 9089
4375 7149 2107
4180 3097 7198
3800 9494 1017
8422 1757 9133
3214 4426 3986
8330 7998 3398
6365 3560 948
6976 3610 5591
3536 3574 125
693 8826 3392
1016 2232 9279
1569 2547 8575
8290 5129 5967
5585 1340 2376
3239 5656 3939
3873 3864 344
281 6758 7371
7581 7946 7564
8187 6714 7824
3689 4264 7612
273 8735 75
9358 7550 5772
7193 6635 1657
8998 3214 4037
3784 9650 4188
1082 2376 9360
7192 8762 6836
8027 8093 772
4194 7845 7311
447 5153 2144
1831 5811 8093
8014 6036 748
3332 4229 8552
4748 38 3916
9846 3761 9378
7128 9977 5717
5051 2383 4321
837 5224 4596
3050 2921 5895
5191 5300 1227
9284 7931 5317
817 3499 4462
2588 8177 7682
8910 8528 3214
8643 4675 3047
957 2934 9717
9832 2607 5470
7617 3058 6771
6287 3859 3130
9065 2043 1735
5520 7357 2217
4988 2935 3599
5747 9624 4153
9687 5919 6404
89 9244 9000
3627 6347 1345
2572 8363 7583
674 5574 884
9947 4961 6656
3953 7850 6903
4352 7987 8126
5155 5510 6703
7139 3097 3612
499 720 4133
851 9546 3946
7499 2863 8164
466 4020 3660
2716 196 6916
1841 6349 2445
1694 330 2693
1805 2669 707
6457 21 4527
2185 5350 2274
4932 9136 2856
3629 5331 6934
3981 4404 3413
7822 6526 4668
4680 7897 5574
4126 2093 1298
4444 2703 9628
3639 7615 3727
2571 7346 317
9811 8434 3060
6130 1230 4810
8830 1009 2388
6033 9711 2239
4030 5639 2528
5883 9419 4076
8818 4933 9191
528 6587 8051
1498 531 4221
6778 1937 8658
5255 3394 5098
3286 1863 9889
2019 3573 8645
692 3973 8430
531 1930 1825
3826 3446 1512
8091 1542 6392
8100 1444 6714
6929 7014 3526
1447 5993 6714
5 3312 9928
839 1088 2561
6559 5463 9941
9214 1755 1260
5691 7978 7740
5071 7403 788
9618 1225 2847
1923 7216 8105
1130 2592 8351
5859 4476 8500
63 8809 3545
181 134 2414
5090 7024 3776
667 176 6572
1378 2271 9948
5945 9602 5502
841 7529 7122
8790 4548 2487
1689 6094 1268
262 5931 7501
3895 6973 9563
3142 2484 6211
2199 4419 5923
600 602 7702
937 5409 4087
7136 9017 343
6564 1221 2878
1647 2281 2727
401 9277 6724
4303 6520 3064
2425 8414 8044
543 2367 2850
3906 1545 9862
4336 9473 9091
9927 8897 4125
8368 119 5788
2246 4736 4115
9189 571 617
2735 9770 5871
7581 8299 8320
2762 5625 8390
8245 5817 7628
4105 9892 4584
3543 547 3979
9679 8114 333
2696 1282 1589
4575 8361 8849
8433 646 2895
2505 9856 7261
1309 8621 16
705 4713 9286
1379 7958 562
5073 7603 4395
5797 6963 620
5281 8651 7562
5114 7179 3182
4853 5650 3122
3368 1100 3726
3958 5771 3599
5492 1068 8129
8836 2193 4626
1069 9661 733
1324 3349 5728
8598 5802 797
9877 6097 3742
3972 1237 3733
7056 8917 3722
4601 863 7751
9503 5800 3787
590 9813 8838
9510 4813 1164
3174 4270 42
1248 8926 2005
98 4852 2739
9620 830 7852
479 9228 115
5289 9359 7100
9224 1208 6614
7574 9786 2627
7704 1309 2948
4734 4533 257
239 5814 9145
8474 9119 6990
3304 6559 6819
1912 2825 1612
8392 6871 4013
6820 9899 205
7835 9633 3034
5365 383 423
74 6310 3365
4154 5880 1510
9776 2999 4599
9493 7792 2817
1727 6329 2361
1415 6727 7393
3725 1693 6556
45 2669 7182
1252 3762 2613
8170 6074 572
8153 3717 1518
5589 1216 740
6955 8984 9034
5269 2929 6774
2383 9326 3591
3723 1695 5566
5146 695 858
208 4356 1622
623 633 4758
2560 3012 5083
1755 532 7102
4838 9024 1203
8654 9712 1276
2536 8421 3070
460 2773 337
8693 8591 7099
5059 9859 1087
9037 2428 9918
6590 1745 1188
9824 1250 5982
5499 5969 5689
2603 527 8453
8792 6961 4155
7631 9430 7778
8420 5651 9192
3603 989 5634
8996 9051 3308
4731 7214 6528
2003 646 461
7498 1296 6552
2430 7429 8565
1301 454 2371
3216 359 9343
7784 8624 3663
1514 7291 6101
4702 7253 3614
7462 929 808
1644 1223 561
589 9003 7871
2414 8265 9892
8182 4045 7636
1045 5208 4444
9953 4774 5981
1871 5831 4384
7988 9695 1655
72 2286 9253
6916 3014 2009
6513 223 6317
822 4522 310
9919 41 4209
8999 7560 6339
2374 45 2349
4618 8972 8827
5894 8891 4427
2497 5167 80
4853 571 1156
7247 4311 5604
4302 7499 371
8572 5573 4503
6825 9644 2395
120 6218 866
9308 6609 9308
7188 7314 8996
5841 6199 288
2334 6090 3068
7321 6044 8011
6861 3617 7767
6016 9148 9315
8765 9610 1387
5729 9766 188
156 7835 6916
6189 6342 2760
8597 5940 9038
2534 422 1599
9355 4475 2947
1682 4447 6554
296 6226 5014
2493 1421 5573
199 5167 223
1742 0 6772
1808 1166 8425
7774 8810 1749
4292 6320 6633
9141 3602 5160
232 6657 4657
4582 9703 5372
3318 7513 6564
2589 6224 7850
4752 641 9659
5142 5237 6326
1767 8206 3721
6000 2690 5748
972 5316 5466
8419 7328 5032
7637 5663 4402
2799 6906 466
7236 4672 5492
5334 1971 8440
1843 397 3073
2092 891 5413
4083 2016 4451
3148 8702 9057
774 498 4952
1933 8058 5634
682 7216 6819
8789 3730 2082
5656 3637 3056
9629 1519 2386
3580 67 3112
6807 5088 8206
5062 347 341
1580 1712 273
5266 1977 7783
3882 2802 459
9636 1273 8854
7309 8960 8897
3142 512 8585
7404 4968 8613
325 5857 5592
7781 3465 7542
5914 668 9214
2492 1787 6890
7125 3585 4178
8465 5279 3770
1536 4151 4246
4976 4012 2462
2 2504 2656
5166 7019 8057
5329 3151 7160
6769 1321 1751
2509 914 5026
5120 2693 5588
4425 9396 3197
7916 9302 6319
1787 4144 3356
6302 7405 992
6055 5465 3939
7106 2396 1079
8424 4214 9989
7810 7239 518
5136 5872 8829
5703 1343 512
1776 8629 8538
1452 2502 9011
8458 2026 5040
4916 7943 2594
2358 9821 7499
1678 3782 2775
9251 8559 1461
406 9665 3416
3808 6376 2187
4991 2599 7096
4234 5200 4716
3823 9066 1232
4743 3431 5058
7914 4188 6382
9059 5324 6293
8146 4542 6925
1946 4021 7725
286 714 4054
4549 6295 3334
8170 2937 4662
9721 2456 4138
2558 1254 8593
1133 5471 1658
466 8528 6519
9004 5632 782
1745 3733 8100
955 1336 2319
8523 5824 6637
4923 8336 8497
9137 193 2856
3746 3351 3717
2107 8319 108
5510 9176 2991
7549 30 8138
842 4772 8724
4299 2655 4043
877 5018 9079
2697 1788 3882
4447 171 340
6390 468 2100
1126 56 4077
4938 2705 5310
4434 551 133
8559 3923 6182
3916 6774 4106
1149 4032 2606
7109 178 3735
1978 3168 5013
4333 5713 2793
6224 774 4263
6513 9147 6656
6383 5442 8583
4905 3036 5082
485 5632 8315
6881 431 6331
8908 7292 3207
7336 4852 8560
9396 4583 3741
5990 1287 3797
3586 9811 8372
1058 4173 1125
7080 3758 9671
5108 3566 753
3349 4319 4545
7462 5272 3970
4879 8371 7062
8641 330 7747
1359 6819 1188
8566 326 3514
396 7183 2267
4683 3403 4311
2076 5608 1833
1288 2452 6863
9047 9523 3994
81 9248 8153
4684 5093 9486
3061 9596 5641
4889 8294 6124
8598 8938 252
9318 4336 3847
1451 9829 2180
7715 9963 2974
5220 6220 1893
2354 8869 8393
6380 4144 3008
7718 1820 7714
7045 1646 831
2060 1890 1601
7359 5860 785
3290 8338 507
2905 6969 4871
3862 7307 7629
4444 1275 9359
4137 493 5988
6245 3271 9808
9988 8952 2367
162 88 7797
5154 6222 472
1024 5245 9470
7200 5198 815
851 1563 8228
3577 7445 3337
2406 4193 5180
870 8766 5320
3316 7224 512
2229 8885 5755
2023 6867 8088
471 3574 4983
7424 6570 5391
1855 2664 6183
2839 2721 3460
8552 825 8514
1620 776 6015
2743 1239 6299
7582 6764 6502
4898 3270 5117
2194 9771 2542
6943 3820 4774
3447 3570 4470
1857 8709 6340
3697 714 1138
5344 3860 4239
5203 3565 1924
6423 6659 1126
8809 5834 9345
8659 8510 8910
1957 1509 82
7465 5485 1558
4185 157 248
7207 7829 3503
693 5296 9876
5567 9425 8779
7539 1167 294
3680 4996 4228
96 5495 5685
9270 7680 8591
9164 4776 959
2115 4567 5537
1364 8040 4931
6143 2361 3746
7999 7970 4636
9005 5427 4831
8903 511 7008
8927 597 5990
8841 4679 5704
6924 8327 1324
5711 3974 449
9839 3560 9778
860 9872 1747
4050 1386 9080
3113 9730 2001
2108 4436 6353
1774 2974 2081
2743 2844 9672
8340 641 8045
710 4954 2145
633 1372 2010
6918 8983 1652
1732 979 8999
2978 5021 6759
9051 2672 2057
749 9540 7803
8226 6391 2805
2954 3962 9320
7654 2822 3839
9039 5491 5052
9865 1153 769
8379 2423 3104
5087 3942 2479
6612 3921 3756
5801 4063 3385
2836 8082 733
9297 3306 3521
4789 1544 1141
6390 5537 3295
3451 8817 7395
1177 4418 7361
8546 1942 1555
743 1824 5624
7353 3838 1000
3033 5917 4304
4318 4424 7815
5322 5010 1711
5579 4250 5798
4391 3050 2976
1648 8031 8342
4092 3002 1569
1170 7081 7470
9709 5278 8058
6194 3284 7417
8547 9390 8496
6657 9721 3857
5033 4718 1194
6452 2508 8268
2326 7853 5058
2660 9458 7175
5100 8205 3743
7880 4111 7105
4770 1203 8561
885 7044 7258
6926 9617 6221
4693 8619 9805
7669 6332 2683
6502 8125 138
5766 7248 781
6070 2608 5800
7252 8406 9409
3613 7865 2905
6516 3835 9754
8010 1295 9503
3303 2741 8426
5249 9442 831
9753 6208 5283
6004 9017 9987
1514 3128 2928
5520 6346 1845
4075 7365 1374
5994 8700 4985
6076 2735 5807
1771 4349 795
6660 5129 7874
712 6259 1194
4369 9116 6683
2966 6134 2532
4514 1864 9226
8156 4376 5123
8178 3818 5945
8202 8257 1287
1670 846 5398
458 7178 4836
633 7422 7011
6164 2514 318
2103 2882 6731
8088 8784 8083
5336 8341 7031
5846 7846 1576
8143 5926 7792
4640 2695 7432
8370 6558 6423
9764 7947 4761
1962 2069 1729
7395 2794 848
9310 7862 5592
5414 9231 2679
1340 3934 4894
3491 3664 6812
9033 1073 3796
1738 3594 5405
7690 4014 3355
3014 2341 7394
9443 1943 4554
3025 2277 8410
5310 7837 8208
7367 7187 2489
2414 9491 571
8703 7491 4977
3318 8668 5417
8694 5502 7327
2596 5997 3436
1757 1221 7112
8963 9864 2821
8501 8799 4548
2961 9101 2217
6809 1548 9131
7132 2094 6360
5916 2271 894
787 4271 6847
1971 1730 7960
6554 4621 5146
1252 1251 4693
335 650 9839
384 4061 1170
5900 5112 3736
9165 7802 6423
3324 7994 5648
5000 3212 6113
3283 8639 5809
682 2170 2515
2840 1453 587
9337 4547 3566
9813 8066 8952
770 2285 3840
3105 8288 6591
1572 7420 218
4475 9958 8774
2511 5697 8821
1083 8787 2381
4750 6597 7702
6197 7747 8039
9729 3717 5424
6510 6006 3771
8606 5867 9322
4611 2016 9674
4426 97 2497
5335 8660 802
803 8091 1841
5212 6463 3188
1841 1843 8062
7972 589 6834
5853 3612 4968
8041 6621 8780
3409 3071 96
5515 7765 2059
4817 586 6405
3657 1294 5710
4441 8728 6706
5234 208 8308
2136 4485 1628
4797 8637 2906
7580 2981 2727
1238 5236 5414
2990 9106 9865
9034 695 8084
5088 5480 8403
5030 264 7504
1605 7231 3883
2428 7985 1300
2513 3213 6878
599 6822 5026
5330 8200 3701
1072 7620 7173
8461 71 7846
1823 6399 2372
8316 2263 1470
5191 1526 9752
3144 1876 6652
1116 4651 7919
690 1942 1712
168 9749 4032
2983 3729 6916
5869 3312 3104
9940 7745 7370
6860 1355 2437
4471 7605 6760
8646 8122 6698
8279 9544 5584
4897 451 5043
2726 904 3331
2191 8344 1139
6500 3286 1464
8826 8928 3259
5654 8153 8328
2227 9124 6436
6552 5232 8541
1659 6292 111
4991 3556 8843
4258 4880 3436
1523 5316 9422
7936 8753 2408
2348 1767 1236
6369 1256 3659
123 567 6205
1333 8375 690
7802 8387 8146
6104 9814 7081
9688 8180 6867
9262 3462 9836
6367 1357 3636
1233 2314 1839
1895 1035 8472
3294 8115 6890
7935 8495 1039
9325 3966 778
2985 3481 605
3697 1959 5605
4870 1816 3245
3745 5928 7869
5347 6458 3893
8965 4512 9800
1732 2812 2986
6307 7673 8062
510 3356 4709
6618 3135 7955
7994 8283 5558
7023 5852 9126
7911 916 4330
3080 3670 105
9439 2072 1768
1014 3019 9299
4766 8685 7057
3031 5037 7460
544 9549 9224
9708 8229 7143
4537 3870 5119
3398 9435 766
4233 4045 5283
599 8923 7097
6720 8967 6169
8215 1322 5639
7423 7074 5817
5541 6514 6897
7649 6076 5850
3440 1329 3204
3032 632 5983
7589 358 8735
4699 6750 6498
4314 9045 2812
4815 5390 383
2491 9925 371
6916 4255 3187
4099 5370 3756
5555 8409 3029
8014 3402 6499
9958 5070 5604
9422 3369 9714
9063 7159 2066
4571 7657 2778
5195 4035 1792
2095 8026 8467
2145 8760 9467
5793 535 8165
4247 5107 9334
8466 1444 535
3133 9111 921
9525 9738 1287
8477 3483 7721
5155 938 8585
6425 4408 4857
9326 7186 6260
3222 1662 7904
8949 5766 3786
9704 8061 9147
8648 6121 4104
1152 4841 3125
3389 7981 9294
8978 703 6741
5364 2440 2431
1722 371 9479
2182 3036 1515
1665 6111 3599
1460 959 4716
6459 3456 1690
4445 6741 9567
8067 1088 9926
2064 5260 2452
538 7411 7652
421 7652 8712
1021 246 8315
1350 4220 8466
997 7538 5984
6130 9462 1868
4468 9352 6755
2532 3279 6851
8509 5547 9565
8015 1830 4417
403 6981 1399
9758 3315 2697
1318 8950 6397
3594 3206 3204
5450 6770 3524
9852 3094 4651
3577 4569 8680
5861 7768 7428
3307 4851 3674
6363 5836 2785
7044 1709 9897
7445 103 2470
6078 5262 431
3978 6243 9242
4231 2898 7246
8405 5045 6833
5116 5882 3867
8012 2965 3752
9766 7960 8363
4626 8608 8625
3333 8752 8572
2042 9526 6864
7340 7823 1989
415 4569 8102
3516 4870 3697
3792 4631 9389
9732 9489 6585
64 5828 4548
9224 6858 8849
2893 1922 2364
2304 4562 4548
5216 1748 1875
3619 6566 4147
1894 5598 7199
8292 3304 8458
893 3753 6334
5244 1333 4453
3250 4546 9500
2954 855 2866
233 9883 2198
1511 5849 8631
6701 876 7902
269 3658 4855
8009 2404 2126
3354 31 7055
6279 4438 3249
6864 3343 7734
520 225 1278
2480 9219 6197
4900 612 2471
2743 6402 3348
3459 6565 1411
7048 9493 2151
2235 3210 1335
3323 32 184
6444 2941 8539
8613 522 9621
3833 6957 5659
8952 483 8219
6137 5810 1483
6605 6738 9203
3550 7598 9200
7152 1185 8093
4100 4468 3259
3196 5959 4347
8989 2259 2280
3639 4951 7713
2363 2897 3703
1392 1326 5355
4430 782 1449
1127 2952 141
4176 2185 8110
5053 6330 1793
7214 519 9453
4108 4215 4541
9848 8975 2277
3480 7571 9028
3547 7329 9842
2951 9080 7408
318 8441 9298
1374 2680 2653
5514 7692 5242
4877 3978 1735
9230 2152 7715
6604 8343 7751
195 9360 3194
3751 3995 5003
3085 8526 3911
4023 2938 5029
6818 4497 2429
7585 6455 4118
4862 7084 9634
2788 8413 5579
9606 2302 8704
8333 3467 1111
7484 6566 27
3742 8402 1953
5156 5184 1797
4768 9707 992
6133 5548 8831
5429 5239 2774
7954 9984 1746
9362 4426 2266
218 9892 3710
2875 6152 6520
7838 9879 2977
1520 4602 3949
7698 4211 2315
7879 8245 7407
2759 1057 831
4139 1917 5722
7847 2825 7054
3189 4751 7553
6577 4621 1232
5208 7888 5812
4853 4409 3283
3554 4350 61
7203 4563 600
5824 9833 160
3168 6929 9595
114 7417 899
2218 9340 3921
1920 5462 5579
4461 5670 3464
7019 4468 6856
9093 174 2362
4168 5450 3154
9254 2125 1059
7834 9975 5973
969 1556 4148
8030 9730 8697
7657 2010 535
5739 6789 2486
5069 5325 2213
3770 6536 727
1655 2411 5445
1859 1524 781
302 220 8055
5417 230 6023
6279 4048 7712
3080 506 6334
3850 9626 5208
8637 4302 4838
2547 7255 7713
7861 3926 2179
9510 4007 7113
8153 3399 9593
8760 1245 7923
4409 5957 1928
7082 9280 9985
8567 4766 2086
3863 7072 2821
1750 5130 3534
3121 4753 3385
5524 9299 9721
3736 7158 1661
8788 8971 778
2156 4040 9216
1728 3608 831
9332 576 2321
9086 6192 7221
4126 5665 39
6609 9342 6124
6473 1914 7438
4354 7996 1836
2416 5741 3060
3615 2722 3414
6152 182 4611
5492 5589 6431
2652 8732 4177
1560 293 2729
7000 9798 7205
5081 6281 3011
1892 1814 2155
891 8793 3347
2722 2034 6843
6318 9820 8802
363 6276 8086
1855 130 6536
4837 9983 4513
5873 8512 1224
3640 8034 3253
4699 1716 1390
34 4198 8999
7908 1121 3047
7016 5979 1109
5565 5915 240
1967 8547 833
6335 4132 8434
58 8772 5153
1301 601 2268
9157 6896 6903
1148 485 5763
867 3870 8013
10 6990 9351
516 4658 1636
9803 8104 2758
4409 8119 4686
7698 4224 7478
8972 7032 6905
2174 5945 6270
2010 8311 2014
3227 3197 7189
4676 4151 4649
764 356 7870
9957 2572 1482
3415 4259 3490
4437 8176 9116
9121 6594 5759
1518 8155 2821
7578 8643 5616
5966 9590 3823
4778 2283 2014
5501 4544 4069
188 582 8855
3775 7222 3344
7243 1190 2124
9789 5363 7699
5371 3161 5248
7008 1832 4597
9978 9974 1775
3215 1431 3790
6376 6234 843
4426 1675 5156
19 5721 6862
8982 545 2262
119 2837 7308
250 671 6650
4517 5063 3927
9578 1418 2835
5042 5504 6343
9891 1013 7414
6242 5183 810
9400 8190 9726
9444 7648 8746
4171 4690 4764
593 5290 4877
6126 7998 5076
48 231 1009
1083 1941 5109
2349 3212 2888
1553 6874 4008
4746 1880 3457
4290 8705 5324
7156 6544 3113
2121 5726 4704
6459 5772 497
2704 4831 5793
4811 8496 9039
786 7059 5941
4479 2149 5898
8477 4325 9240
7303 2227 7345
4619 3194 4997
200 1053 3756
9265 7888 7096
7172 8647 8070
937 8384 8403
1706 1634 4889
9660 8866 750
9376 8885 9500
4498 7648 8852
9311 9941 8986
3822 8999 1210
8254 8869 2452
6772 4265 7985
8771 927 2456
4605 9306 3327
998 3032 162
1262 6125 8329
8391 9958 2994
9892 1635 4725
8866 170 9903
9316 8454 926
1904 8738 316
2929 6507 8296
6752 482 7289
3565 8668 8374
7302 1134 124
4548 3246 1753
2548 1333 671
3894 4241 474
5816 3126 6620
7141 2385 2314
9397 1934 7544
751 8749 2488
6229 4748 189
6076 1682 1652
9374 7476 6059
2891 7759 9843
6530 6026 6849
7881 5235 5666
2940 4552 1767
2098 9890 2751
233 5564 3502
4924 4352 9717
7685 1277 5818
6368 7867 7416
3830 7900 6383
