2000 3013
54 8641 9906
1876 6359 2679
3651 2959 5448
2618 4669 5773
4249 4242 5349
5818 9460 9466
1071 7975 8116
4614 7009 2099
3587 3663 1187
8938 9357 8217
3006 2296 4678
4743 7941 7127
9848 7804 9999
3425 2112 735
6398 8329 75
6327 861 5345
1713 8437 3711
5251 2527 7853
2466 1660 1587
9041 4372 8986
4636 8308 2030
355 8769 7222
7841 1428 3604
6917 5359 6239
1032 1479 3772
9438 8251 6322
3046 5818 1894
9847 6879 628
4908 2872 4060
1663 8093 5966
2736 9581 4438
2159 7112 3980
9919 8534 9011
42 4870 6968
1826 3872 2373
1608 9159 6500
6287 3424 8750
9859 6292 2182
9523 4360 2025
5395 4025 9831
4701 431 2282
5238 7753 9214
2189 2124 265
3635 4160 1689
3517 6096 1483
176 9203 8268
7616 5123 1187
5680 6753 8654
5209 8375 888
9106 5312 1698
5373 855 3591
9943 7055 9106
5517 4183 827
2930 1095 7585
6717 4484 2539
1494 3666 3122
8313 3831 1476
6988 8272 4323
9642 6568 903
5250 2462 8111
9364 4208 3669
139 8610 8547
6947 3770 3129
3059 1988 5615
3638 6988 9173
755 8781 289
7659 2435 7504
4693 6366 9725
5435 6920 127
7112 12 560
4376 6492 5155
9799 8718 9671
9989 9523 7330
3846 2903 5018
4038 5341 6217
462 6570 3101
5944 6846 2913
4281 2576 6297
4131 689 2832
8752 8147 2007
7182 9734 2435
1060 8549 6830
7986 4685 617
5419 2275 4013
7235 1275 7586
1437 7274 7852
4075 3037 3656
126 7803 7615
6168 3600 9533
5549 7608 1691
6599 4482 7062
2621 1610 1341
4050 1507 2968
3458 6278 9143
2567 3709 3313
6287 7478 4413
7929 6523 7672
4607 1532 2400
4380 7744 5208
2225 1900 4490
8780 2221 3098
2008 2937 7419
9214 1927 1218
3123 7778 8786
4474 6504 5804
3081 4719 7997
7799 5517 3782
2648 6162 6485
9064 3493 5968
6958 7474 4085
1943 9844 1059
6904 3659 3595
6816 5425 2286
7418 8639 8753
944 9919 231
9247 586 1260
8430 2321 2001
9378 5206 8533
7417 4806 826
8141 8080 5687
627 6470 5591
1825 5829 7130
5134 7333 7394
9606 656 7134
7284 5602 8499
3973 6033 6971
1772 4698 3694
1330 3691 1111
5738 3506 653
2478 1995 6199
7303 7046 6238
7053 7449 6811
1618 9785 4606
7075 6946 8100
7765 869 5543
8565 734 4952
2540 7945 5239
1007 3891 2840
6338 3947 8145
5297 4592 8608
2734 6629 6473
5694 6978 7600
3277 9472 8410
3046 9813 6730
9216 4688 2187
9763 5748 4988
5543 6892 1155
7282 9739 3630
991 9915 7306
2307 6161 8862
8201 6414 593
724 1487 9771
7932 5752 9730
3993 6962 8176
2317 7059 11
3471 6186 9507
4476 7669 4536
9362 8478 4429
1794 461 5712
3228 8154 3099
7401 6352 898
5873 6712 8422
9499 3996 4432
9863 3666 9134
6893 891 5100
1066 5292 7933
8302 4325 6128
816 3798 5529
6556 4940 5651
184 8863 346
5110 5823 8153
681 274 5567
1736 9332 7818
1353 3486 555
3860 6162 2552
7580 5859 3396
9453 9014 8170
4399 6089 1245
9064 6172 6493
4484 2328 6515
1429 8684 6684
2047 619 4295
3178 735 4765
3825 8398 1850
114 5898 7439
3812 24 9086
2246 1956 2258
5767 8143 4555
858 4778 5751
5851 1785 7552
8329 2925 648
4814 473 827
4884 8950 6249
2918 1006 4107
7048 8711 2608
1665 2343 7237
4718 3699 2274
8076 1298 8308
5576 4886 9535
1617 6884 3702
7224 3722 5152
6485 880 2116
6468 9669 3694
5297 1093 4080
5064 1816 1909
7280 7148 724
2460 5548 7050
9753 39 6105
6871 7547 8057
5839 5478 3926
6546 1622 8867
6902 2862 8492
4912 9968 6151
6311 8770 1134
4509 9892 4319
1830 4675 2741
918 5987 4317
2754 8026 7203
5416 275 1782
8623 7863 7766
5004 9327 5902
8463 1755 865
530 556 7861
9847 7715 1910
4781 4549 3250
9855 5672 5784
9518 5497 2973
9082 5317 3407
5236 3911 3458
457 2391 4076
3571 470 2260
6777 2635 1726
8082 8388 6590
7397 5804 4148
3547 2072 9265
9272 43 8549
3950 5503 1161
7010 531 525
6341 164 9426
2206 8928 7610
5678 6253 5322
8465 7607 2855
8885 2863 2375
3511 2888 8071
2097 1857 3051
265 6403 1285
8625 6267 5302
2850 8403 4410
9286 8409 7244
2980 2530 7423
9411 6372 1383
2725 2198 309
6916 6294 4367
3503 7151 6945
556 3053 5447
4103 6960 4237
8019 5000 7675
2092 4977 972
2446 6963 3208
2291 6184 9324
2671 6867 7835
6257 9116 1010
6671 6401 4541
9929 9081 5761
1738 5035 8894
2808 717 3484
9931 8157 9664
3886 4081 9997
2008 6725 3063
1279 1276 7445
9232 9381 6286
9113 6554 6470
9187 5911 9772
4407 5544 5854
5505 1275 200
4871 8940 4070
4998 8107 3065
8919 3353 5867
1782 3580 4562
102 1205 7179
4548 5577 4428
6217 4744 5490
9848 5949 149
6779 8906 6118
5793 639 7209
6425 4211 8241
4455 4222 2367
4398 2362 6750
630 1819 8086
4827 313 871
3543 4255 8191
3226 4128 285
2191 248 8205
6372 8066 1399
1532 3970 7756
1232 5181 7952
9150 1279 7311
4734 6292 7403
9828 142 8349
7556 2346 7928
520 6604 2333
9863 5107 6029
4844 3036 8225
4876 1620 1277
6564 5573 1583
2720 9474 1421
6567 7330 982
6662 9381 7704
2801 6127 3376
4320 9572 2176
9420 1861 1539
3361 8024 6711
2671 520 126
2785 9317 6461
7046 4014 5393
3136 8011 9915
755 4403 1036
895 1847 2384
4628 5106 1708
9196 9023 5595
6358 4546 5762
9166 3454 8617
6745 2500 5172
9537 8556 1521
2277 9749 5977
1667 7274 1308
8203 378 32
6719 8737 6041
3376 6622 5761
4376 4738 7857
6150 52 2264
6920 6778 4999
7421 1542 4077
5403 8942 5155
169 7066 8808
6118 4592 8624
1444 1418 9780
685 4822 131
6645 839 2018
7204 1985 6830
5634 1475 5408
9749 1611 5076
7859 7661 8906
803 7017 1118
6776 339 1009
5020 5375 783
4893 3192 7786
1092 6027 2852
8539 8529 5513
3601 3157 2574
882 4633 1390
9858 3594 659
340 4240 7519
3620 222 2643
1316 2811 1526
6375 7696 3288
8912 8804 158
3165 5715 4208
3659 661 3049
5060 6277 558
4463 4558 933
3685 6845 7743
6738 6478 3903
5868 9034 2473
3719 5740 9014
2873 308 6985
9591 5734 7237
8808 3898 6686
3360 667 6874
909 277 8865
6477 1836 7467
2786 2335 3078
7751 3235 7530
2244 9588 3240
2636 1256 2950
1068 1541 6705
365 7230 7013
4442 4591 104
7341 5008 4832
568 7825 7071
9832 6937 6623
8653 4596 7292
8801 2692 6981
7679 7155 4071
3535 4657 1501
4622 4110 3364
3273 6333 8374
3245 7245 8226
1152 4568 7004
3410 8649 3172
445 1150 1624
5617 6605 6382
555 667 6714
2197 4752 3795
3703 2840 5668
8176 4913 9134
7974 5279 3417
3363 3141 3998
4087 7772 5638
8304 6092 2455
9385 5691 5649
256 5199 1189
8863 7851 273
9871 3353 8866
7186 9879 8524
8911 343 4091
2310 2852 775
8412 6272 4575
3168 400 874
3644 5768 6264
8375 1445 5139
2491 192 2526
2986 985 5566
9765 524 1705
4913 7048 8001
8307 5468 1669
6199 40 9149
8090 6903 7164
6439 7674 2579
6945 3614 6895
533 2951 7347
2419 1054 6054
4191 7584 5468
8917 5503 9146
2981 3141 8496
3688 6883 5887
2693 5722 2678
4178 4909 3846
1419 9231 9557
4265 6810 67
1608 5108 7341
1680 1548 667
4288 896 3193
6742 7569 3425
2377 1521 6100
2796 8823 3409
6834 3702 4424
3573 1231 4173
1313 6797 750
7412 5125 4136
513 8638 1233
9617 9889 2720
2922 9173 6676
1597 4798 7280
5281 6422 9270
5400 7071 7301
674 7010 9171
9663 7879 8479
6445 9106 7918
4730 1557 9500
7310 6306 2348
6197 5359 1424
5600 2411 9524
2751 3501 9784
5283 7162 9093
8576 68 2464
6220 314 7287
1311 8889 4595
2589 4204 5157
4148 1648 5074
6021 4576 3689
2185 4410 7975
6746 6410 2762
8247 1371 6778
2100 868 995
159 2257 3060
5165 4215 6276
1703 3335 7076
5383 8066 6782
4471 3228 6751
2349 1707 441
8051 3945 3324
6542 415 4505
7578 9497 7919
9462 3669 9778
7838 5125 3557
2110 1437 2199
1958 4950 8768
9989 588 3818
3442 5086 5508
1343 1081 5088
3709 1402 8786
2958 4266 1444
6537 1483 9508
8144 3614 3806
9302 6305 4937
9032 3173 3219
9795 9539 7346
8208 8155 9871
4313 6907 29
7245 4412 113
1637 1995 3777
7252 8774 7384
4965 164 393
8909 3569 1643
3958 9439 3253
5254 6649 7822
5932 3418 686
2922 6965 1394
8962 8040 7737
7666 6474 6316
5731 6248 9376
1195 2483 7002
5337 5415 1196
8921 2082 2130
1525 9760 6517
4635 938 9917
2895 1536 6109
7903 9381 8274
1151 4344 5323
9337 9849 9654
12 1434 7301
959 9501 5427
3427 9957 1632
6472 1515 7960
2843 8198 5403
9429 8318 945
9464 742 5370
2398 7554 7895
7709 4518 3952
7633 4844 3129
2838 9748 1071
7175 1367 2699
197 3902 2323
3960 7590 7583
5052 9347 2892
6226 4496 1858
6203 9283 2875
7588 4865 2730
1068 9512 6336
8576 4111 2685
9196 1372 1682
3489 868 6260
1755 318 9680
2410 5666 4912
5014 7756 4454
9424 9740 3724
3028 4404 6898
7562 185 4693
2863 5757 4009
9847 7911 8694
2596 1882 4548
4446 2277 5368
9293 3509 6944
7228 8766 2744
3629 6720 6661
8187 3737 2266
7565 7987 1030
143 1400 7885
7701 9587 4729
2742 3262 687
7310 4608 8520
9599 369 1972
1606 7814 920
6603 6602 8498
5556 7480 8520
258 7683 7200
3886 9271 4573
9592 368 8478
6520 8345 9980
8400 3556 1527
4575 8508 5801
6384 2972 8805
4965 9713 4094
8870 4939 2149
1310 822 8287
7722 2278 6140
6363 4937 9836
6950 9585 1944
4662 1975 4727
8690 502 602
8478 1083 2984
5763 6174 2307
8804 6104 7837
2213 7605 6446
181 6883 9207
1159 7686 478
6122 35 1810
663 2750 7448
3022 2098 3796
3855 2768 2995
8206 3723 1736
9631 868 3133
1574 5963 7468
4763 686 4544
4378 7091 6504
3063 1786 6854
2531 978 6385
4673 1029 8762
7916 3489 6686
3967 2390 7904
9100 1023 2873
5657 29 3350
7142 1112 5817
1033 9573 2027
9150 6306 430
1824 5886 7951
3629 4849 6413
5996 8951 5676
4167 3579 7182
7896 9845 4917
5339 2231 3923
7427 7383 8861
8428 6842 538
3572 8701 5930
5695 3959 4310
2461 5166 5626
7861 9798 7097
5839 1380 9653
6666 198 9990
2796 7885 7605
3486 94 8421
676 1354 1842
1042 1648 6598
265 778 6977
5254 1937 6299
6244 4206 7246
7425 6766 9104
8717 7692 5512
8913 163 77
8837 4346 77
5893 6212 7934
4359 2079 9702
8984 312 8241
8495 3995 2469
8751 6781 7616
3563 8023 6542
1110 3163 9120
8112 465 9826
7542 2072 3579
6814 6245 3378
8506 7555 826
8440 4901 627
7636 5475 2870
5261 5396 7405
3418 9463 640
2619 1314 58
4405 7416 7261
3830 4706 1244
716 5692 3207
2612 7214 8206
6717 2413 8352
2731 1625 1198
3917 6054 4713
110 8985 2634
129 5726 8244
404 6854 7289
2397 230 6725
2234 5649 5133
2043 2641 3166
8396 7285 102
3118 7746 2172
767 6656 8073
1417 3628 7741
5569 6229 6498
7642 7197 5140
9427 6774 9542
5356 5701 1247
4166 976 7310
6845 2272 1958
629 6588 9359
5371 1179 5560
2546 2927 4558
5557 4026 1778
7284 367 1426
4239 6308 3136
5473 5210 4187
2647 4831 4600
7927 8459 6547
4839 5437 1796
9808 5442 3922
2170 3786 1967
6598 5798 7639
9172 9445 1987
6611 8296 357
4396 8848 9329
7901 8362 171
7292 1760 5968
8929 9121 3255
3707 8822 4986
9326 6399 6477
8761 7086 7268
8276 2480 4802
2187 1485 6734
109 5662 879
3432 4291 9739
3116 9935 4371
8148 9852 9186
9460 7039 1977
1276 8 517
5354 204 8027
8179 8734 6304
8863 2524 7797
91 2953 7700
9703 9112 7454
7174 2261 4037
9071 6019 9459
3726 8139 6834
2541 3747 5733
3507 3627 7028
9705 5701 6149
2020 9217 9994
5771 8543 5294
640 8616 7843
4837 5120 9170
8558 2727 5948
1284 2392 3753
9738 1521 9947
9618 7389 1622
50 9400 8332
575 2103 9722
4272 8163 9835
5983 6068 2286
6409 4961 3650
4389 3959 8492
3831 7052 212
4865 5700 526
9379 2576 3337
6152 2317 7018
8661 5679 2555
3890 5611 6476
928 1384 6450
9544 625 6101
1656 5025 3116
4430 6658 420
4823 435 7248
4846 74 4964
9343 5987 8611
3558 9688 1093
5473 7445 11
164 2380 6877
2430 1182 5028
6191 2642 993
5228 4824 4287
1416 3702 9887
7949 5238 2402
4274 1974 1695
3451 3872 5101
3151 8536 4346
6023 4385 5897
6748 1443 7161
450 7995 6919
4494 5791 226
3693 1144 1335
1229 6911 784
3965 146 7366
9360 5900 1298
178 9706 924
1978 636 8342
7625 6553 8246
5349 440 2021
7390 7287 5152
4397 5770 7201
7527 4092 2038
271 1313 173
5213 6799 6796
7218 725 9229
7917 6906 1338
1014 5368 9727
6560 7287 2205
8427 6554 9832
5206 871 891
5603 1024 7746
4121 3159 6390
2939 2356 8405
6320 2598 5268
4102 8046 3621
7009 6304 5661
4732 8785 7164
8363 5725 8261
3618 4579 3016
8803 7393 3211
235 7748 7847
2399 4286 3937
1646 1835 6848
3616 6566 2830
184 570 3508
6308 168 1986
3396 3477 5030
2316 2237 9224
7225 1456 951
3146 2705 6354
1012 5054 8870
4397 6779 64
9606 8223 6039
2033 5975 3313
256 6962 9474
2001 9199 6254
3564 9972 1167
8719 2238 1828
63 7051 6239
1287 4514 466
2701 856 1500
9999 7717 6290
8316 5081 4789
4371 7078 5196
7228 6172 2371
6910 6236 8232
5925 6252 6737
7900 5559 4962
4259 5896 6459
9759 6361 7156
4767 7218 7860
1567 7472 2735
7855 2416 3341
2310 8320 6315
3151 1896 1955
6171 5234 9536
5152 8987 6057
7887 6130 8917
4881 4829 711
9653 2401 9480
8444 4299 3714
7446 1222 2685
1172 3552 8668
532 7066 4939
508 1878 6254
5038 7161 804
4153 4460 9924
6197 4518 229
5707 5863 202
5164 8112 9566
2793 3744 8804
2182 5086 4338
844 1536 2370
2939 5709 209
5981 5579 7956
828 6470 2517
5794 3795 2555
5944 3408 7259
1478 776 2209
5086 7001 1299
9848 6520 8091
9606 7198 1962
3397 6444 2877
8218 8053 7975
233 2264 4732
6633 5446 3924
3442 9031 7579
4398 7703 7758
6342 3327 6271
9900 4371 4815
3336 7213 1781
9918 2518 2602
5093 4133 6534
9565 9372 3704
1797 7644 6536
3778 8140 626
7311 7717 9879
5630 719 4574
2780 9142 3828
9719 9756 8014
2463 727 9806
8117 2621 6982
4868 820 4127
3356 1965 9165
4104 3998 1017
346 4936 2215
1304 5302 3953
9140 2 9377
2542 4319 715
2221 9291 8749
2008 7439 4423
9480 79 799
9913 4023 1980
4576 1483 3736
3125 6284 6403
6340 617 4482
7623 7796 8277
5431 3906 7244
550 8287 344
1303 6490 8935
713 1798 615
8765 3322 1377
5607 9913 640
4550 9159 5536
6803 6798 1395
6496 8106 8322
5895 3135 1816
3928 2076 579
2223 7692 3697
1474 309 5632
6072 6189 1985
537 7367 6475
3609 1185 2939
9432 6018 3262
5681 6648 2063
2809 3932 9764
1138 2422 7201
845 1270 8372
5149 2277 3915
5132 2350 9424
687 6770 7605
7838 222 9199
523 8533 7651
473 4997 5847
6808 6679 6174
1293 5631 1229
1037 8918 262
9341 7684 6000
1004 8204 1511
4272 6178 931
1916 2333 7403
4136 1224 2171
2522 6088 4576
1857 7378 8217
1600 9505 3657
7005 7540 4377
5991 4765 2185
8286 8485 7499
3115 3239 4862
6004 3415 3888
7037 3246 5900
5433 1873 8600
1549 9498 5899
2170 162 9883
5896 6417 9730
5015 5362 3333
6751 8174 2292
5277 2828 6101
9961 8381 1482
7235 1257 8361
5290 5175 8194
9539 1923 3699
3621 4543 2712
2954 4168 5279
5775 6081 339
1714 3262 3257
5316 1569 8962
5998 3447 5401
6223 7987 839
4358 6583 6498
3109 3904 5843
5045 1967 9242
818 5636 4386
5136 6069 9707
3831 5191 330
5129 4130 5705
9587 3749 5487
644 3274 7462
4576 497 4713
4488 2649 5315
5536 4475 3369
5448 2096 4089
9767 983 7544
6531 9890 7912
9116 2618 4802
5434 9415 7950
6300 1106 5906
7153 2235 1083
4846 6136 158
7193 8657 435
6509 3434 3909
636 2542 4180
2465 8467 5735
8073 6874 5273
6592 3770 8244
2128 390 4943
7956 6596 7177
6993 7891 6151
2014 278 791
2977 9772 4845
3658 5297 5589
3406 6832 7734
2948 7938 1271
3748 2722 7248
8858 847 3583
7088 2705 3029
5410 9218 709
7411 2983 6561
4046 3973 2258
7785 3386 5701
4237 4807 1874
6348 3718 6603
3430 6930 3850
7923 534 5356
8400 4155 7254
4081 4773 8671
131 2806 7271
7594 8614 3716
6997 6204 7979
4791 7992 3568
9118 8922 9230
4220 8166 2395
5550 3300 9921
5800 3816 3815
1473 4370 5001
1502 2539 5314
1696 8188 570
8883 9583 1887
2491 6334 4644
7304 3807 7728
8133 4757 7789
7673 4430 5207
8079 6694 1072
5 4271 7567
9095 1313 7269
1887 7290 8213
8291 2192 194
1174 732 5563
9066 6287 8849
7153 2115 1183
227 2280 8115
9006 646 8584
8465 4209 6980
1708 4096 4050
3949 8097 6399
7142 5399 9499
9061 1664 853
49 3930 7357
9700 3810 8312
2168 1376 8942
5043 3819 5262
9575 4106 2101
4544 8308 7187
6678 6446 382
6333 196 9086
8167 8969 2561
5547 1085 2472
1619 6961 9807
7990 7194 9273
224 8768 1469
2691 9338 6404
566 6698 8341
8457 2345 5924
2195 3152 217
348 9803 7656
2812 8463 6378
5616 9414 2028
8406 8393 825
909 3229 9497
5684 3819 1164
4143 9858 8975
6002 3053 4053
2577 3858 9552
371 176 6334
2201 1396 208
6311 1538 6840
9382 1576 9482
6111 7020 3029
2407 1906 2741
8405 328 2227
9999 1066 6039
2599 6614 3259
1479 9559 8345
7827 8985 1833
3987 3218 6973
3768 2445 1453
1705 2194 7036
4106 3308 2595
3341 8949 7028
2838 1766 1086
7105 7521 4577
185 2678 9531
1436 4390 953
3371 3666 4628
8842 272 5933
7168 3992 5523
6275 3663 6366
7857 4644 6792
3935 4874 9101
727 9419 1373
5993 6970 486
8681 7416 6057
1282 3829 5966
7207 9335 3458
9112 7059 2715
2406 4317 3815
8711 3840 9300
5517 3071 9966
4288 5956 4106
16 3706 5978
391 376 886
6604 647 6928
3186 1160 7492
2260 1247 8171
3904 7471 5246
442 4574 8028
1863 4197 9916
4880 8842 4119
4482 6213 476
9664 5604 7595
4297 117 4046
2698 9002 8145
7746 3937 8402
1853 4290 1112
2023 8937 4772
4136 5389 2703
872 6719 2695
9057 3299 9635
5892 2126 2337
502 5082 3290
1682 9627 9126
5412 2040 4816
7238 8197 6584
4357 972 9952
9121 1185 7982
2782 6059 6998
200 3797 8867
6441 3997 7220
6970 6946 5250
4079 3668 8770
4379 8177 7023
1033 4726 3083
948 4376 5145
7831 9014 6084
6287 4792 6573
624 5296 1278
7406 5044 7532
732 9238 8543
1389 8968 4641
2112 8494 8173
2712 6360 1629
8026 3186 75
2334 2084 6069
4764 3787 5272
9335 5710 7644
9484 4496 3940
8147 2317 852
1803 8701 1301
8212 5846 6162
725 9315 3787
573 116 641
170 954 1983
5547 3312 1145
7516 6058 562
1428 5316 2207
6009 6129 1043
7982 3031 3520
8217 5705 3010
9202 6465 2969
9323 1759 2500
5634 909 6889
6828 119 8326
2215 1032 1354
2632 5922 3766
7119 8514 4892
2549 6464 751
1173 4455 9012
4556 2913 3957
7218 2370 1524
9258 9927 4785
8323 3327 4315
6535 8146 8781
3420 9517 5743
502 266 1506
8573 8625 8857
4317 6405 2945
3762 9567 432
4390 3510 5968
368 9359 1257
3142 8440 9622
7821 8283 2975
7213 9870 4282
7248 7334 7358
5870 2461 4615
5353 4632 6549
8463 3991 6563
995 5521 4092
1396 9346 1106
7593 7189 5459
9016 5630 6004
8069 5613 4508
3756 660 6039
8207 3464 7818
7572 7220 8841
885 228 378
447 9474 5949
342 8953 5393
6646 2065 5282
756 7002 7656
5639 5250 7295
4426 4248 1909
9859 4196 1938
4091 2364 1034
630 59 9337
1325 1621 9778
6902 8770 1713
6996 2891 7546
5918 1331 478
8274 2533 9485
2252 1853 9899
8318 8926 8260
7433 7930 5267
1651 5459 5020
951 6769 2704
6939 7679 7657
2096 6820 6947
6973 4029 2234
1166 4882 9892
8020 9018 4126
246 1837 8795
9888 3804 4551
57 6956 1278
6305 538 444
5228 3719 6525
6002 4046 6483
1335 5881 7276
5460 5158 1055
8748 2298 6496
2059 1832 5352
4522 633 5676
5373 3983 8985
849 1939 1212
2344 8355 7903
3991 5921 946
6068 3665 9903
9212 9322 768
6683 1835 1623
217 8070 4886
1413 537 2745
1326 6832 5214
391 4562 8564
5021 6129 2005
7901 320 3876
6146 3746 8507
2518 356 1387
7077 1290 3341
4865 2005 1377
1570 3429 4130
1461 5349 3657
503 5844 100
5237 649 7653
623 8353 2528
9637 6559 3244
4382 2899 4320
1639 783 2073
5004 8120 8951
7674 8775 486
4550 2893 397
1460 6906 9273
5058 5405 8893
5853 6881 2399
2961 7348 8701
2703 7159 8344
9003 7974 2588
6364 5243 1378
86 6505 8817
2687 1828 3064
6936 5806 3906
6790 1412 4653
7215 8340 9187
9839 8568 8116
2414 3177 5777
1954 5277 8195
6953 771 2798
3582 1596 2697
7427 3531 6510
6551 5873 8348
1014 5177 4114
9823 632 6854
2291 4679 6228
7379 8717 1569
7052 3532 4051
3481 7137 2017
8928 2661 2624
6375 5635 1938
3973 4599 5896
5254 3237 1139
2651 3269 5860
5783 1095 5490
4783 8433 4142
2725 2975 1369
8862 3878 7126
2108 5632 6280
6620 2427 9461
970 4523 2323
276 2401 1216
5236 9155 4430
2417 7376 2272
6747 8678 4263
3757 7620 9536
8223 7610 8356
4265 4938 2423
7762 4769 8733
4812 5980 535
7762 9981 6524
6160 6552 5367
2944 9814 6883
5435 984 6044
7493 2520 3261
9643 4393 7870
2103 411 7800
3188 6702 2153
9702 3897 2722
5469 8983 9201
8701 8749 7539
663 269 2635
6438 4972 2506
1441 254 4376
9838 9299 3915
985 1954 884
2217 1623 8392
4788 361 5935
9144 1262 8782
8434 6756 7898
9001 9863 2626
314 3996 6293
2574 9418 7324
9772 6232 9367
8706 72 2596
7671 9487 1518
5175 952 8891
6696 72 7737
5285 2838 7436
21 3704 6707
7039 1041 9908
8330 7118 5633
6039 1346 9822
8291 3128 862
3235 6742 3122
154 6579 3174
5440 8885 6384
3298 19 673
3864 8108 4744
7044 2670 929
1823 7873 972
6232 7112 7839
6114 2590 2601
9559 1324 1425
7411 4058 9443
9247 333 2767
4335 253 9424
4631 1153 2759
7489 9176 8182
2437 3821 1294
1484 4934 7224
4492 6993 9977
1267 390 5389
6747 9257 8123
3196 4583 4003
467 7138 97
5749 2909 2211
9032 2949 5435
2966 2974 7125
5211 5066 7453
5976 5535 6550
373 1003 4469
1509 6339 4807
1623 6803 8126
1041 7002 1657
849 7161 1621
1400 2546 7287
8577 2902 4971
8249 3325 7012
8621 9056 5996
1298 3601 1861
1618 2832 973
6684 6454 3488
5199 4751 8668
4969 3914 3462
3261 2504 6179
1692 7681 2925
8481 4694 1517
7065 502 9410
6500 5598 9998
5710 3607 4734
3872 7233 1885
3233 9827 295
8431 500 2148
186 1811 1530
1456 5650 4697
8162 5298 5654
7914 6872 8766
9437 2552 7467
4436 2928 6504
3813 1731 1204
6965 6659 3596
904 1965 3793
6345 3623 2271
980 5151 1352
4964 1004 8542
9552 4823 7390
7482 8721 6988
3534 7196 9713
7678 2580 2507
1950 4333 6569
3595 7505 7821
6309 3222 9279
7777 399 8844
7903 5455 7437
817 4534 1512
8177 3142 7927
362 8080 1584
755 786 4505
598 3043 6691
6621 9027 930
9664 9132 4728
5728 9506 3775
6375 8966 427
2135 9202 8604
7960 5702 6825
3502 554 9032
7447 5943 495
290 4021 6375
5583 8778 9807
2139 6507 4605
7212 8287 7139
38 2736 6615
7046 5251 7239
1894 6215 2685
175 262 5088
7852 1325 2438
5935 3874 2322
4773 5236 7996
7503 731 6785
2677 9833 3552
7555 8549 2886
1697 5430 8591
6956 4144 5158
8994 9884 4438
7854 1030 511
9895 4437 9235
7262 4889 7635
9995 1691 4301
8607 7947 9656
1896 435 2917
5854 6187 4880
6538 4849 8686
7835 2734 2677
184 4258 74
7513 2328 6120
3439 7863 3446
7001 9402 7258
9120 9671 7335
4578 9413 8395
8620 7617 2341
4484 6719 7475
4221 18 4855
7775 8570 9550
7784 9737 8753
8126 4975 5212
7585 8541 3690
5721 5718 745
8734 6537 2098
5370 3489 7048
8015 4358 3971
6046 8921 5030
9965 3585 5269
6512 3030 5181
6146 604 5143
3553 587 9670
9816 4355 8395
8827 1453 8788
2837 7762 5106
4551 8853 4094
2197 9455 7961
2379 5686 9531
3753 4528 6339
7401 4061 3188
5600 5766 6760
1349 769 6021
2676 3494 8286
4150 7998 3956
5688 6359 853
6800 9461 7975
7935 5879 9079
9120 2918 3679
8606 5621 8288
6409 522 7978
693 411 843
9885 7778 265
9435 1890 6607
9486 3321 4141
5625 8402 5449
8534 5871 6168
5593 4632 8378
2836 6922 834
3471 7135 2723
8409 6325 4154
4918 7554 6974
5731 6474 5071
239 1008 9696
2761 5945 2302
647 3544 2365
6039 4558 1981
6247 5463 3627
4442 2785 3175
8177 2224 2106
4351 3885 9402
2200 2050 5827
6280 6727 4895
128 9158 2495
8799 5799 2201
8534 1191 266
9119 2461 2896
5538 1169 3721
6192 5108 9342
6635 2701 6937
2242 9151 4906
7546 8336 6953
508 3213 2180
3603 1733 5289
8758 5615 6514
2511 3647 707
8309 7425 1882
7662 3150 6105
7126 7566 5663
4061 6041 4272
4958 3342 8688
9027 965 9836
7695 3888 8381
6529 6443 1725
7822 8227 1932
618 8571 4554
2820 9502 1500
1615 6162 7212
4130 7972 729
8751 2881 8781
3065 5643 4801
1214 136 7121
7241 3138 9332
7556 8808 6435
1658 6637 3297
1112 5439 9764
4296 538 79
4589 2722 5985
2979 3439 4987
621 4660 4307
6262 2919 3761
2244 4004 44
5463 9831 2461
6207 8927 6591
5535 696 9554
8885 870 5183
5227 9229 5579
9061 2567 1068
8643 97 529
6321 2884 8122
2458 7425 8589
602 3139 6339
2582 4259 6368
1917 2315 9919
2593 1343 7744
3757 7366 9026
8176 8567 2612
7490 1981 5701
946 6695 7074
593 4076 9128
5564 4454 4392
908 5516 4472
7556 5777 3865
9196 3301 3164
6875 8254 8521
925 2801 6117
5631 4910 4043
8330 7123 7942
656 6311 8857
4602 7021 5904
1570 1399 7525
122 2991 3042
9060 3795 8799
8763 2388 1824
8127 4819 4742
5389 1614 1810
5409 5583 3379
2221 5717 2431
7019 1748 4883
9340 4099 2634
473 8726 9684
4065 3551 2236
3041 5280 4051
1297 6686 5331
6046 9274 6676
6620 9401 4699
5374 2059 4370
1946 6816 5739
8985 6693 856
679 5478 7058
4340 9103 8080
8076 847 4706
950 9104 6891
5039 3840 4140
4297 365 6896
6316 5993 7149
6436 9840 6458
5412 7777 3672
4071 9668 1084
4438 3135 8885
8232 1293 9671
3723 4757 7225
6908 1961 1150
952 8331 1638
7752 7932 6296
8527 5322 2165
8186 1488 2071
1925 9360 9282
2722 6908 711
938 9036 9864
5030 184 2074
9268 2467 3021
2117 1805 482
4558 4268 5728
8955 7282 4991
3649 1723 6337
3109 1159 4331
8576 3247 2704
8102 8116 1155
4057 7781 7738
3914 234 3479
1145 320 7808
1465 1360 5396
7424 1678 745
1951 3708 9120
1110 7699 8026
8586 9965 3111
7597 6912 7955
1364 6535 8613
5784 4768 4604
6883 3981 564
234 7494 7169
6654 2823 8631
5602 270 4987
594 3931 9399
8247 644 5071
8229 4058 8957
2176 4293 875
9336 4133 1999
1974 6039 2431
3987 2937 9823
9132 2332 6138
3308 853 9520
110 1439 8710
3833 4772 4187
904 501 6965
808 3261 2691
4106 4087 6236
1563 7176 8005
1994 2045 2975
5577 1506 7715
2441 7392 206
4881 1880 3489
473 3751 9711
6097 7268 4816
7373 4721 349
1159 882 4713
3379 1627 8401
246 9282 3981
5391 7002 5662
5020 7149 9692
7161 1758 2114
8930 7405 8852
3416 5373 3114
100 3063 8507
15 2619 8118
9523 4749 8863
7031 4630 2334
808 9324 2060
4942 3345 7731
2154 2074 7454
5168 7051 9482
9683 4511 6569
2067 6698 597
8366 9075 3782
840 8415 7700
7988 6082 2512
8320 4049 8363
3544 7273 1870
1020 4276 1764
2385 9354 4322
2953 7945 3735
3367 6985 4803
810 1342 6391
5184 8934 3894
5046 849 7328
5004 7032 6707
3284 4050 9822
6926 6239 3862
2149 86 6241
4045 1371 4355
5186 6202 2095
8379 7150 9934
5031 8532 3832
4692 3821 6779
3903 6001 4689
6954 3868 2498
5712 2383 8970
9359 3200 726
9785 4200 9842
6915 9101 5415
1945 4556 3052
3439 7421 661
4867 8999 1762
9586 1789 1639
8928 8265 8922
3291 2792 5579
4148 5394 3095
6103 832 5056
261 6526 3010
7100 2294 1729
728 7366 4041
2422 5502 4819
6365 5123 1848
1617 9045 4785
1196 2314 7686
4855 1616 1175
6800 3543 3105
1947 3454 2285
2980 3373 8893
501 5569 2677
3325 2708 9066
5631 6435 6951
8247 8967 789
9137 2975 5052
6434 1683 6528
457 8586 9497
3615 2327 7765
6990 3361 6253
9079 5300 5384
2870 5468 9628
3067 1115 3707
53 2275 7565
1986 4444 5239
4183 4391 371
9279 9386 8695
576 5639 2264
5538 8401 5752
1715 3213 6351
9121 8496 1087
9361 1711 7531
9399 2393 3083
2563 9457 1546
188 3628 7804
810 9801 2983
2086 4668 4786
3830 4669 5855
9119 121 3145
2372 7017 1571
3416 610 9300
7436 59 3886
6685 4444 7385
6459 4878 4776
1865 7474 9725
9053 6209 1003
460 7278 4912
9854 9045 8149
4235 8230 9402
5410 2948 5646
1736 847 7558
4658 6413 906
9059 339 9215
8344 7362 2418
5008 6898 8121
8606 4603 4831
9672 6904 2898
4803 7985 8040
3525 1911 3866
2158 6385 8445
6089 2091 5263
246 7971 7219
2576 6746 7293
450 9501 1985
6134 4827 1301
6157 1511 4059
8939 6236 3964
9885 3877 1022
4261 2520 8006
86 794 9341
7764 5343 3138
2921 6554 7754
7660 5041 2440
5250 1140 631
8896 9625 1074
5024 3586 302
5723 3294 2408
1814 3253 2190
1828 6064 2016
9171 2016 5928
2305 8717 1956
1054 9921 5114
8187 6929 5972
3077 1675 5291
8052 6007 4015
2998 9358 8471
9413 130 5101
1358 7709 988
2108 1669 4079
5329 8514 9860
6916 4101 1450
3274 1976 8916
806 9838 3872
7765 4761 886
8320 7869 7392
8874 1511 5619
4227 6365 3712
9243 1538 339
6530 1580 9849
5040 3449 8585
7768 6441 1170
2353 5787 1817
9434 8601 8113
7733 7239 5980
9806 970 46
8746 8568 4295
6235 5375 4777
8133 2099 7175
1378 4888 7166
298 2041 3265
476 98 2981
6351 780 8664
9844 5266 2640
7629 5227 7054
727 9384 5280
7911 4342 1215
6378 4021 4952
1711 9864 1579
9292 1384 1046
6166 6040 7204
12 2653 5773
7187 197 8648
4268 5914 8951
6278 7644 8399
8408 6997 7226
8463 4603 8360
9344 1735 6504
8537 1051 7967
717 7411 3388
1692 1256 4723
6978 3902 9683
2146 2390 4998
4513 5042 9368
344 8153 7749
6289 6401 7604
8104 3933 4042
8926 7077 6933
3765 6252 318
6256 963 12
2488 6537 8020
6926 5031 8572
6250 3700 8786
7909 8683 6976
5938 6874 5522
5429 5961 8541
4687 5254 5833
7420 2369 105
6728 2064 726
6054 1357 9691
2404 5035 4287
6291 4019 6308
9605 3332 1767
1914 2256 348
4552 6699 1106
7854 1042 3041
818 7196 5917
7487 2152 5276
9460 4034 9977
7971 6464 1382
2848 7321 5208
7444 2618 9754
7504 4073 7033
7756 7284 4075
8883 6095 7527
768 4888 7928
6650 170 2224
7802 2524 9597
595 3733 6339
9978 6284 765
5460 8655 9693
1054 7178 8445
8523 8126 6884
1856 7179 3411
6453 3120 1603
8912 9344 176
8060 4907 9736
5171 1615 9627
7989 8907 859
7163 6409 4031
9689 3556 6337
5751 2481 8503
1875 8433 1185
9709 916 8807
4491 6294 7253
9509 2466 2029
1713 4404 6133
3769 8874 4504
172 6456 6319
9051 9506 537
932 8034 7881
678 884 7944
3038 3139 4555
1305 9781 1545
7431 5528 9623
2831 3735 5967
3827 3167 6636
5955 4640 3424
9111 9723 6890
2100 7313 5147
2756 4290 6887
4500 6369 5334
3142 7450 1650
2886 2904 827
2989 8941 7047
7767 9035 2372
8459 3644 8211
3196 3937 1494
4366 5645 6841
894 643 2843
7166 9553 9765
1282 9882 1379
7753 619 1327
701 139 1980
7998 9218 6003
8263 9515 5728
9720 6132 3039
9774 9264 703
3981 5843 2542
2877 1376 1997
6854 3767 1219
5116 7650 7566
6768 7043 6825
4795 7358 3424
5795 4687 8905
6922 928 4185
3986 6821 9404
8748 4499 6545
403 608 8387
460 695 3170
2944 7383 8308
543 7895 366
7437 8962 8646
5723 1890 2928
2972 3906 495
3814 7701 9159
5823 5444 1453
6467 3875 7406
9804 9477 3011
4170 2304 3920
150 3237 5717
8246 3956 6699
8490 6798 9254
4275 4916 7651
6264 51 2048
8152 3339 1882
7508 461 6356
6355 7305 7854
3005 7686 6980
9587 6477 7506
1868 8171 2974
5898 8788 5311
8863 2980 6795
8355 735 621
4631 7104 376
1649 7616 6941
9055 9815 643
4265 9194 8874
8463 6070 7097
7185 2322 7745
9042 1545 5710
7466 2502 189
6003 1189 9629
5595 1735 1798
1422 6578 385
5151 7065 508
3972 6430 115
7456 2665 9343
7535 894 4374
6964 1049 7426
7720 8045 5201
8616 1789 7200
6166 2690 6364
8283 740 4589
3433 9292 6990
1278 8378 1937
551 3185 5748
6921 8465 9042
4901 7316 2501
2671 9041 8641
2537 8740 4484
1814 9565 3574
14 3451 4822
1041 8867 8638
2231 4431 6582
8591 683 4933
5193 571 166
7256 4189 2096
8083 4734 1064
1653 236 2349
1696 672 140
3552 4466 5661
496 2198 3292
6221 189 625
6242 9975 8069
4792 337 4964
8581 4711 2023
848 4062 3785
7952 1243 8031
595 3153 9221
3439 2189 9891
6619 377 9070
6384 6109 9471
9592 8413 6565
9598 9475 7887
3374 4394 561
9868 7804 8333
7377 5503 9837
7669 5685 2124
7919 9462 3107
6098 2401 1204
8526 1780 5513
9116 6381 3776
