262 6371
7164 8208 4280
8645 5413 5853
3243 7436 4896
9861 6797 4130
9062 1906 5724
6756 6743 5201
2375 9588 7618
6681 6264 607
3601 6301 2642
1895 7000 4865
7719 7312 7543
3917 8822 4890
5407 5863 5323
4220 1318 1111
8039 4210 666
2504 7394 2984
9655 5919 7803
7282 4066 4064
7656 6981 9531
8739 2740 7616
3716 8002 4828
6876 4445 9440
9519 1447 1277
1341 7193 1278
7157 1286 9929
3827 2121 2859
2981 610 8661
1335 6924 7202
2749 8432 1061
8371 8091 9179
1031 2172 8911
8951 4943 7808
2227 350 4980
2268 1452 1167
2405 2259 8635
1670 9001 7344
3921 7454 6062
32 6520 6424
8260 4268 3882
1700 8312 1981
5990 8077 6226
9049 6720 1035
1678 5898 7907
737 5394 1384
9878 642 8463
9458 234 5188
5727 8927 8019
9940 2345 308
7670 5042 8234
1756 2731 3680
9929 3830 4534
6599 1005 570
2899 226 9180
1400 2031 1552
2607 2526 2177
4966 718 5044
3531 2252 5379
9377 3368 2395
5259 2678 8410
3477 7236 4916
6592 6374 3327
7681 8566 4522
185 5420 1868
2057 9755 3228
1259 4672 4581
633 3398 7916
6332 1062 6358
6955 2100 6550
3444 1903 1406
3116 4550 209
3223 9028 7579
875 7621 2187
396 1088 1942
3219 7435 3233
4915 6622 241
4473 1691 2910
8102 3958 559
2216 7335 4341
6125 7409 8852
1036 275 1584
2935 7554 6494
8957 9444 8138
3094 2983 9170
4797 1843 2491
9708 1987 8331
8356 8208 4963
9620 9868 6047
1947 9649 4538
402 7650 9475
6534 6764 8550
3342 1642 6801
4102 6788 7453
2141 4351 7399
3983 7464 8364
2050 3640 9842
6774 3403 344
2180 7200 6572
894 2381 852
544 5370 2467
3348 5679 1618
2193 7260 5563
2824 2015 4590
2686 4584 7653
2317 6313 4361
4020 3828 7376
6243 8639 7538
3220 1027 7520
9940 5111 4666
5663 5723 477
8285 4299 8937
5760 9217 5167
5631 6277 8827
4793 5221 8999
8517 8771 7728
3361 3818 5056
2983 3756 3651
7805 1728 1366
5439 4102 6074
5870 5823 70
5850 340 2831
4042 701 8087
2306 708 5293
3662 5070 2216
6843 3775 2557
5539 660 4875
3884 4980 6146
6623 7623 450
7310 2495 8690
6670 4816 9527
6538 2556 4375
8146 5942 9329
8623 4833 5606
3255 7567 2421
3906 9585 9919
2907 453 265
7178 4964 6037
8861 6796 7839
1707 7067 7198
675 8000 9329
8466 9710 8014
529 5854 7289
9746 594 8384
7432 3163 7955
909 1482 9269
7500 9758 1189
1093 6751 7489
3257 644 4974
9220 9981 3395
8680 9329 2366
8377 4272 2596
9981 7835 8230
85 4565 2579
5892 2091 3569
2758 4635 6943
5307 5273 8257
915 5351 2229
4098 4777 509
6775 5932 8763
2994 881 4762
2690 565 1116
7242 1816 681
6461 7733 9590
7744 6570 8992
5838 9551 8226
6199 6093 6172
684 8660 6930
1357 883 6086
8739 9215 305
6951 9738 5268
8298 107 7622
9887 1646 3010
6500 9226 777
9581 1442 6609
1941 2556 2682
3861 7546 9136
6422 4582 3791
1569 5626 8457
2636 5207 4317
9871 8140 2590
9492 8718 2714
6556 9361 7412
1794 3869 1105
3345 9879 9344
6635 5051 7110
9454 4420 9920
9121 9181 7148
4358 7719 3195
5694 6378 6723
4075 188 5628
6979 2187 8311
8569 9843 2396
577 8229 2645
3895 4327 8671
9832 7667 928
3900 603 3857
7487 5607 8100
9744 6366 2448
5925 615 1657
7572 625 156
6631 7435 3419
7138 4782 7741
4897 9642 6473
8408 1338 3605
9864 7642 4187
4114 9498 1079
5576 2162 2664
727 4078 598
2283 1470 3128
566 3262 4882
4026 2336 7973
97 3778 239
2456 8198 7752
8281 7428 1719
3147 8326 9170
1195 2072 9106
6141 1425 7001
3226 2263 1940
227 423 500
4814 7754 1575
6252 3648 2361
5996 329 7305
9837 8801 1926
1911 3827 6295
4203 9597 670
7062 1707 4490
4554 9546 4069
6582 8098 3186
2469 9165 3998
2770 4009 1170
6605 7303 9731
9952 6564 6667
7878 453 8886
2687 7765 5052
1838 8070 599
3103 6696 4809
8224 578 6917
5361 6503 1754
3514 5680 9977
7935 3902 5798
8587 5009 7584
7789 8900 8832
6367 1396 9848
6081 4148 3010
4142 2136 8413
9248 3574 8088
9203 5745 8646
6842 7825 8334
3049 2322 426
4408 9391 4237
2220 4879 3048
3555 375 2115
6254 5118 9926
9111 1865 7234
967 5428 3288
4041 1666 5979
1137 5600 789
8917 3221 6187
5587 2138 8597
9548 3270 9669
9213 4978 6447
7885 3586 4513
2180 2420 6129
