1048 1324
912 30 51
1250 99 19
8779 52 76
9235 46 39
9 87 38
3870 95 6
9647 72 67
4133 39 57
1875 84 52
5730 71 85
5942 76 100
3359 0 22
7302 95 94
3448 97 31
1491 3 9
6419 81 57
689 2 20
2415 60 87
2799 70 78
6124 68 93
3334 44 69
682 17 3
9284 61 98
7526 23 32
7178 3 86
1265 23 67
6884 48 99
1154 89 58
4104 67 10
3822 49 45
3825 88 83
6661 92 88
9789 5 17
1696 77 64
564 89 67
3720 40 63
2315 14 11
9337 4 83
2569 91 34
6104 55 37
4936 7 76
4513 18 10
7567 67 9
8869 11 97
2638 72 27
9795 10 18
3515 97 86
3173 84 58
2411 14 30
7965 83 87
7972 72 79
176 96 14
6849 70 34
7714 35 23
1302 65 78
915 62 41
6165 59 37
3881 72 46
1905 14 33
9615 61 69
450 49 67
5646 27 54
7272 30 62
8378 65 54
5973 51 66
7822 1 51
7301 41 78
1675 79 29
1200 66 31
1357 82 6
8626 83 92
6335 13 43
9289 81 51
6914 83 16
7136 43 1
6329 38 25
634 43 80
5959 14 30
2418 31 11
9340 77 40
1553 55 6
2236 48 8
9712 25 32
4193 9 29
5120 69 2
2499 21 49
3830 36 18
5973 12 11
1724 88 100
3 14 7
7157 42 23
1786 68 2
5263 22 94
3575 70 45
8927 42 28
1795 36 52
3576 79 70
5838 21 91
125 78 4
5962 96 4
2984 31 47
1323 79 10
7098 10 41
988 39 46
373 35 17
5108 46 7
8807 46 28
5946 45 83
9049 100 3
8661 32 87
5656 70 62
5400 8 95
9090 48 50
1052 55 87
5043 0 39
271 0 45
8209 76 6
4141 38 67
5862 77 84
4237 38 31
5629 41 57
4446 42 81
4640 1 23
4497 84 92
4000 46 46
2617 13 21
388 26 2
6994 13 40
7718 53 54
303 3 4
4764 34 58
1239 55 37
5987 63 94
7617 35 32
7202 74 17
7902 94 14
9772 56 30
9783 72 24
2022 67 42
5016 60 74
8603 67 14
5196 71 54
7821 85 2
6457 91 23
7998 71 33
7662 5 79
3278 1 62
3611 65 38
4518 9 76
4880 10 75
3477 15 30
2617 48 99
1482 38 34
9865 40 48
8178 14 87
9158 41 44
2211 85 24
8149 43 34
4761 28 34
5014 38 57
9008 80 81
2449 67 51
9858 42 98
2273 30 63
9682 27 8
2945 85 94
2216 87 49
7526 59 99
8815 56 7
1292 42 46
2508 9 15
1684 85 86
3553 4 4
4556 62 66
5825 93 8
2368 52 93
613 3 56
5569 55 80
8192 7 25
900 78 4
670 90 30
7325 71 41
7123 31 79
5851 67 41
5138 39 39
567 99 81
4460 26 42
1208 10 88
9146 40 18
7098 56 9
6621 46 6
1679 5 35
7589 16 35
1685 38 23
7599 4 62
4681 33 66
1476 18 34
9818 52 98
9118 91 55
3090 58 94
6668 36 30
9170 97 49
7849 58 28
2316 19 51
6153 40 33
6070 23 87
7829 41 49
4860 44 32
4216 38 77
7653 89 62
5593 77 30
6890 11 35
5914 55 51
4322 55 35
7553 73 44
5523 70 9
9318 59 38
6533 38 34
1389 19 48
952 67 10
1173 18 98
3512 31 33
705 17 61
1790 1 59
3941 28 36
7753 2 16
5636 48 69
4398 90 90
5385 52 70
1869 64 51
2003 76 53
5668 5 74
1189 76 42
9049 31 61
5582 100 96
2626 0 49
6613 53 2
7064 0 34
1176 0 22
1757 2 92
1461 19 6
6090 88 98
281 39 99
4205 13 16
4089 85 67
7761 48 27
4110 16 80
15 16 37
5332 91 81
357 70 9
3909 41 46
660 100 65
8274 94 91
79 29 14
5331 95 64
9762 81 12
5121 64 88
1103 48 34
464 77 36
5376 25 55
3345 74 46
2936 95 2
680 8 95
6315 32 87
842 68 60
2369 11 39
2634 71 7
1462 85 77
9124 3 17
1188 20 69
9098 46 26
3523 43 61
6031 42 94
3169 41 7
9089 32 31
398 90 90
5387 91 71
2826 41 84
2474 14 78
6993 61 7
718 22 59
6774 72 5
9844 59 31
5326 42 42
8915 91 42
2432 77 72
5077 14 70
7019 0 62
4279 21 68
1607 10 1
7395 22 33
5327 97 42
2189 83 33
6669 11 65
9291 11 35
9544 34 29
5353 9 82
4587 73 53
4685 81 13
4310 65 94
1879 7 12
8170 86 74
2508 94 34
1327 47 48
2563 21 54
5193 23 37
3056 39 10
6747 72 10
5552 50 46
507 93 18
8437 34 33
3960 45 46
9411 44 84
3320 49 59
2171 18 95
2661 36 23
4167 58 45
5162 31 36
4118 16 11
7001 0 81
6457 12 87
8703 24 34
6574 97 90
4715 55 50
1660 39 32
955 28 86
8654 9 31
5161 16 49
2164 13 90
69 52 6
1879 7 83
5652 47 36
8028 75 11
7048 80 85
8796 87 76
4576 46 100
8210 11 12
386 28 88
4438 53 89
9014 68 6
9880 40 12
2614 58 18
9632 51 14
5396 11 30
276 54 57
2059 54 46
169 50 30
3258 62 86
6142 34 18
8109 18 33
9399 38 79
6284 13 97
5574 100 30
7897 98 92
1248 7 42
6085 11 95
8334 72 42
9363 86 44
2625 19 14
2608 20 10
2426 9 38
258 46 79
1673 97 16
5775 90 60
5509 87 32
6160 17 32
5436 39 22
8678 0 93
3581 16 94
3548 34 13
7347 100 78
5103 49 100
4100 55 25
7306 29 10
4777 94 67
3910 6 75
7055 74 68
9392 8 93
1774 46 25
6459 37 2
8953 17 16
9465 75 83
2262 14 14
4389 82 11
7871 81 19
5988 92 91
889 94 26
1212 100 61
3715 76 19
4404 95 72
6178 46 80
4476 37 40
203 60 6
7263 79 29
4306 41 72
8487 62 41
1841 76 69
5889 86 9
7516 33 91
4658 51 24
5155 73 100
1464 96 87
7656 62 75
2100 35 63
5603 38 86
135 21 76
2498 46 27
9772 74 26
1846 0 67
4198 46 27
7499 14 98
1402 6 56
599 75 68
8335 25 58
1973 92 13
4003 27 38
4114 69 32
2336 65 28
3721 55 68
1456 75 65
5644 6 3
1069 94 76
9971 73 26
1070 37 15
5992 24 48
6829 50 25
9778 15 40
6221 54 87
2945 71 13
1947 90 83
3834 56 60
2658 71 39
3205 76 60
7877 42 86
4644 23 88
1431 95 35
469 78 82
5870 61 8
4171 7 2
1848 0 30
3352 98 77
3101 77 5
1902 24 71
6342 47 62
5192 17 88
8333 60 63
3763 43 51
8455 99 83
913 68 52
670 31 53
6800 30 50
3090 18 74
5927 61 86
9233 0 58
5506 22 30
2084 18 96
6111 63 34
3085 67 18
3001 57 74
5248 9 66
979 58 72
3758 73 66
296 21 59
7832 6 8
5617 37 52
1011 69 94
439 65 95
8679 73 53
6667 86 9
9982 10 8
5762 25 4
4490 64 91
2725 37 91
7078 17 77
3657 24 24
5136 7 62
1676 74 18
3030 20 8
800 59 56
3999 59 12
6396 34 71
2300 85 72
4687 38 7
6768 53 92
470 95 9
7373 14 41
2050 60 90
3392 55 61
4946 39 31
1422 65 80
2312 14 76
2208 77 18
4441 98 71
9563 100 34
5973 15 18
4467 59 34
8057 20 99
4962 76 36
4977 13 74
9333 91 24
1411 83 83
4599 56 18
9657 100 82
3680 36 78
414 46 24
5695 39 22
3996 88 51
9910 38 31
8835 12 57
5703 53 80
541 16 21
9405 32 67
3617 74 2
6236 92 53
4997 71 35
1436 66 56
2905 33 11
9507 42 22
2960 68 50
3409 33 37
2369 64 60
2401 32 16
5101 13 57
1821 62 56
2162 21 76
7409 30 52
3841 30 12
7620 92 30
2716 8 61
1331 11 31
3347 44 68
4767 51 76
511 31 80
4953 40 29
8623 42 59
1420 63 30
7858 58 12
1626 16 20
4933 87 54
3146 95 54
6494 37 42
9329 95 92
7305 47 52
9536 36 95
8450 48 88
3966 44 70
6883 39 11
7525 80 56
62 54 20
7762 73 44
4286 2 32
4792 76 29
5514 38 3
7492 10 45
6122 49 26
2279 57 7
4815 51 29
9264 29 63
4349 78 37
2297 99 86
5690 12 42
2853 61 51
6076 29 65
1303 17 29
7006 42 89
7268 41 69
9700 35 35
877 90 90
769 42 43
5238 69 63
8998 84 44
3116 81 1
332 55 95
165 1 57
9380 17 59
2264 67 48
1726 59 13
7184 92 97
1367 72 6
8620 22 70
135 90 80
6954 85 98
2107 87 94
2211 93 54
5471 20 54
649 57 87
7791 47 69
575 66 95
190 27 18
6537 7 31
6887 18 26
2868 22 56
7172 25 75
1032 32 52
3308 26 42
6924 9 56
4241 26 29
1209 73 71
1497 48 6
4867 65 21
8875 23 17
3892 54 40
7278 62 85
8730 35 22
5853 7 67
6994 0 16
2062 83 14
9990 68 15
837 22 37
4020 44 29
6659 78 12
5536 85 61
4579 10 12
2347 11 63
6887 71 83
8340 65 97
591 6 32
863 40 58
3962 41 60
260 41 13
865 41 25
1402 23 81
6273 11 90
1365 36 23
9433 50 79
1484 76 91
5571 69 93
2974 20 96
1735 88 57
6247 62 22
2333 6 49
9726 65 32
5873 53 79
2547 64 54
8509 52 14
38 19 72
7186 62 78
7497 31 32
9976 73 91
9321 74 86
3159 1 40
3177 61 94
2742 27 85
5489 66 50
8067 26 39
2022 21 20
1538 86 7
1274 93 61
9338 13 26
6774 38 87
829 98 59
918 82 48
4279 80 52
7541 33 63
1594 48 61
4538 93 76
1657 7 30
1890 88 95
5986 45 88
5134 10 9
8032 28 3
3615 17 42
3936 67 43
6447 8 45
1010 100 84
2722 16 29
1667 75 6
8302 32 88
2746 94 4
9304 56 90
9217 94 24
6561 9 48
9205 42 71
3311 47 21
2160 24 82
831 61 60
6837 47 57
5226 77 99
1805 72 67
7462 88 39
8257 25 18
3359 65 53
8615 73 92
1910 11 24
993 51 66
6394 35 43
7875 59 75
7477 24 81
2196 41 52
3753 14 24
4472 3 59
9099 13 3
8140 9 33
1791 69 31
3058 40 28
4997 3 35
174 25 12
6692 42 33
2145 21 5
1013 57 36
1669 54 94
5633 2 60
6105 10 48
8014 92 90
990 81 53
5511 27 28
2114 41 38
2890 55 47
5467 27 75
3991 93 2
5335 69 70
2054 2 53
8946 18 14
8617 94 76
9705 76 77
2323 50 41
9838 98 51
6071 94 49
6891 88 89
9797 64 76
1451 16 86
4769 48 78
9637 91 52
2437 61 70
8891 91 58
6521 87 61
8867 17 88
1216 50 86
4037 35 52
8518 44 19
1990 63 95
7688 56 34
5619 100 75
2083 54 96
8032 44 99
4593 6 33
1042 31 30
7327 39 45
8810 39 93
6851 77 63
7988 11 35
5101 54 80
8480 82 56
3244 57 17
2719 71 81
612 58 96
4993 40 33
7245 12 31
7341 73 28
9566 55 75
5250 9 10
5690 92 1
4444 89 19
6026 1 42
6009 31 17
6956 80 27
6830 33 30
2556 96 5
9108 91 32
9985 65 67
5704 76 54
9146 48 54
8834 42 81
2009 59 73
7717 0 95
2335 29 89
8919 27 69
1240 69 22
8705 93 47
8969 16 100
7754 80 83
5241 89 76
4720 33 7
4717 18 54
6392 55 77
3495 96 18
72 54 48
7328 24 77
3025 83 84
4500 7 79
3329 82 99
6990 66 11
2984 100 26
7188 64 50
2297 10 87
9461 20 15
6805 48 41
1041 27 17
5956 44 30
3080 17 38
1332 61 35
8935 99 100
5798 85 24
8591 98 94
4998 60 26
7542 80 82
9433 60 54
4483 78 19
9309 5 7
661 42 84
7308 95 99
2133 93 43
3698 5 33
1548 89 95
3328 1 75
3526 75 22
9328 100 45
167 91 5
4731 59 13
7566 13 100
3720 71 14
5192 0 64
823 75 22
4775 36 52
3453 65 49
3076 68 33
2034 57 58
2961 16 17
6376 71 52
6131 65 17
941 16 49
974 39 44
4932 4 73
9938 56 63
3439 8 78
261 79 72
8640 17 90
8450 94 71
9713 65 17
3281 87 35
8242 9 84
2264 76 31
9026 60 86
6257 12 76
5584 17 10
3372 3 75
3299 86 61
7256 35 59
5543 15 49
8829 65 44
8074 95 50
2348 31 80
7174 1 92
2554 97 22
7809 55 61
697 53 34
1314 77 44
2761 36 5
2165 57 13
7614 0 80
6418 14 19
482 44 33
6026 98 79
4525 18 88
4082 40 38
8818 80 79
8819 68 86
2700 1 62
2530 44 81
7450 91 78
7997 80 51
2072 96 32
6806 40 52
5567 14 48
5267 33 12
2031 79 70
7942 51 50
4602 35 44
4745 58 63
6611 11 85
1293 53 100
9240 31 61
4708 88 90
3453 73 62
6892 89 37
233 47 46
2734 21 62
3013 77 33
6566 90 46
1731 43 58
9060 27 7
4508 18 69
3331 33 36
6382 73 59
3705 25 68
8085 76 17
7664 24 75
4775 53 81
8707 54 14
9365 46 78
2027 87 51
7808 93 90
9387 14 84
1208 68 74
3994 74 96
7308 82 2
2928 29 62
6350 100 53
6547 81 41
4597 10 66
5538 42 36
2456 63 100
1363 0 47
2904 17 35
1961 71 89
4350 75 16
9353 86 41
421 47 15
5246 29 35
4858 2 94
3257 50 31
3474 56 88
5566 12 80
284 36 59
6828 50 33
3992 90 30
5324 4 49
8518 77 23
5645 98 79
2290 82 92
3966 39 89
1119 31 79
4844 5 73
1507 43 64
1373 90 36
7874 83 37
1389 24 98
4782 74 69
1607 15 90
5086 76 85
4887 31 44
1101 2 70
7599 41 84
4326 37 21
775 35 4
3181 12 74
8794 6 32
1632 7 72
3261 71 64
9887 28 77
2193 87 67
632 65 92
8588 25 71
1767 11 64
3395 85 61
5085 64 94
444 38 30
4574 47 62
8466 90 81
9856 24 98
2329 82 74
1986 39 84
3220 41 63
2970 59 70
7636 2 70
8307 11 26
2850 55 80
6581 61 90
1535 3 20
3573 59 13
2778 86 50
2976 30 99
9779 73 10
7731 68 95
6415 55 91
1901 6 63
7531 25 33
5336 24 91
2629 98 78
2100 48 65
1448 2 15
1030 11 80
4216 17 66
8832 45 63
3181 48 83
8865 23 29
2084 50 52
9391 83 10
5619 36 85
5730 11 64
4780 24 84
884 28 6
8213 23 68
5447 25 25
2341 84 89
3383 66 77
5938 96 19
3072 40 2
5098 63 39
7473 37 12
8912 38 98
6882 3 51
7448 65 82
4834 77 14
3141 9 47
7382 66 57
6018 49 38
61 32 18
3854 23 69
2264 72 25
2940 81 95
6169 43 7
7243 66 77
1898 91 40
2770 66 17
3505 30 36
5118 65 13
2048 60 43
8464 62 63
9202 3 36
2033 11 84
7828 98 99
6505 63 26
7025 77 20
1792 82 78
5986 59 35
7106 26 25
7988 41 78
7881 9 42
7051 35 71
9110 63 37
2406 27 23
2273 4 34
4820 98 1
978 68 20
7958 25 22
6207 45 55
4085 76 77
3448 30 24
4631 58 46
8449 63 72
5277 83 36
2334 35 43
8784 27 7
3332 19 70
667 42 38
175 20 3
4859 77 9
7839 56 47
133 93 14
6375 11 25
5783 83 2
2663 55 94
7138 81 91
969 89 56
4903 11 67
426 72 3
1393 25 91
