2000 1
2626 99 84
988 68 83
6414 31 1
6798 6 56
2632 32 79
3906 65 53
5855 6 97
2591 15 61
9805 9 91
988 30 57
468 30 84
3306 70 82
4585 34 74
4777 57 64
5792 46 25
7898 73 5
4889 24 36
6130 78 29
4683 77 45
432 94 92
9023 44 11
6190 91 56
5614 35 94
7405 48 17
5406 47 35
9869 28 86
9274 15 24
796 48 37
400 56 62
3281 71 49
2896 56 77
6359 11 23
2626 52 6
4206 33 43
2440 52 76
2895 45 84
7173 25 84
6655 92 10
2636 25 99
791 99 14
2173 83 73
1970 95 18
4732 77 58
5560 55 8
5651 75 78
1305 44 81
6570 9 83
8268 86 98
6132 46 75
3721 39 56
2621 59 15
9140 38 31
3506 37 45
2941 41 9
5296 58 54
1797 12 32
2353 73 46
6114 55 67
2418 17 45
6677 33 29
3929 80 50
7514 70 26
9350 31 62
1585 65 49
6104 32 98
8699 12 90
2691 13 36
2520 42 68
3679 37 11
9519 36 26
5571 86 41
3278 52 75
322 12 90
836 88 83
2917 27 26
4364 35 52
2442 21 94
3451 32 81
1101 96 27
2205 27 49
661 3 24
7788 64 63
4497 29 2
6929 70 96
1475 75 100
8526 9 89
9948 69 59
9531 43 63
1448 91 19
2305 33 92
3484 48 16
9349 85 31
9647 39 95
4886 6 74
9974 77 72
425 69 18
9395 19 47
2099 53 8
15 66 53
8087 11 59
1622 69 14
4322 33 26
7475 32 41
8500 23 75
4364 49 95
1953 42 12
2944 54 15
1336 28 12
191 9 8
8529 20 5
537 86 52
7965 97 68
9195 99 9
7225 27 89
3926 44 50
1460 35 29
2625 91 37
6883 55 81
5728 67 22
3761 37 37
9861 38 89
1436 39 55
1080 2 7
5468 25 9
3458 8 18
7782 19 25
4591 80 8
5057 31 35
8931 88 70
1607 10 70
4349 26 88
9055 33 62
5962 18 15
2969 7 33
7276 68 62
6730 18 3
8652 99 54
1929 90 55
9164 65 29
6506 40 64
6305 10 100
6411 31 39
9823 79 18
108 72 63
6758 92 44
4835 58 98
8396 4 20
703 5 29
3788 3 46
3323 46 19
126 26 33
7590 37 46
4360 82 76
8578 74 18
1732 98 4
6011 0 85
1667 48 26
5816 27 72
8529 28 17
376 74 67
4137 98 21
8821 17 3
1564 55 88
8685 98 35
7084 75 6
6642 28 51
447 10 20
1023 70 69
3761 35 62
3997 41 26
8505 41 92
485 33 94
7360 9 56
5431 8 25
8430 53 74
6731 22 16
2534 0 69
3655 60 87
8547 100 50
2753 16 8
2436 62 81
4342 51 45
5221 43 30
3211 82 82
7951 81 57
6403 83 61
3282 26 82
496 24 22
8944 35 51
7599 67 41
5404 12 95
5214 26 42
2740 90 86
1407 30 15
4556 76 66
6498 99 40
6267 42 21
351 37 61
1498 13 71
8275 18 55
7627 100 47
9500 89 36
2951 57 61
7510 25 24
924 80 6
2471 51 19
7638 40 31
3480 76 13
1275 51 46
9527 4 62
8524 15 58
1274 50 87
9354 66 13
1397 81 10
7990 65 84
9742 1 17
4588 47 87
1583 97 22
7809 97 37
7389 96 73
8331 52 65
9752 96 50
385 1 30
3683 75 68
1172 93 96
8389 82 74
6349 0 64
6047 8 25
7160 65 70
2335 17 94
7871 61 52
2534 8 72
9082 27 53
4774 27 25
7671 38 91
3887 34 69
1942 57 73
250 45 11
6151 11 57
7894 80 100
7830 35 73
337 3 33
5862 37 63
506 36 25
9773 75 59
8599 5 23
9743 65 79
2961 4 84
1118 58 14
5367 13 35
5489 67 26
1378 61 12
9283 59 5
8356 62 30
495 60 87
392 87 46
5065 32 28
4869 66 53
6943 18 12
1619 3 72
8337 66 24
1795 66 70
8717 46 58
856 93 49
5951 23 69
5131 15 9
8552 47 98
3806 86 73
3964 61 93
1248 62 7
4497 84 96
4258 36 60
9718 12 57
8488 44 20
9617 82 54
4578 38 78
4477 22 41
5916 43 82
8498 94 96
3635 35 18
7477 87 86
3306 43 71
7843 80 31
2477 81 33
1657 39 18
2628 76 6
5926 51 41
4140 4 86
7700 98 32
3873 97 98
9843 85 89
2303 96 63
9048 32 63
9433 91 13
7221 48 21
7770 20 8
8921 10 70
7772 99 53
122 0 94
7862 11 65
449 94 43
9161 54 82
453 6 81
6429 88 50
6299 69 46
9561 79 45
6942 8 33
5137 99 18
7642 2 45
3124 6 57
3230 29 42
4741 36 79
3298 53 88
616 68 50
8165 48 50
2576 26 27
3548 42 8
7367 26 73
3623 44 36
2527 40 18
6804 81 86
9912 29 56
9384 17 95
6305 24 73
3036 95 16
1747 91 23
3254 69 78
7403 38 39
6200 37 16
7303 71 24
3309 27 68
6900 97 59
5650 42 18
1910 1 77
386 46 18
4232 30 84
4390 44 48
3094 69 78
6411 80 30
5879 88 82
3541 19 22
3759 13 3
99 53 9
1621 75 60
2500 52 90
1441 67 21
649 95 30
2586 26 59
6828 56 80
9822 87 54
7600 82 84
3153 34 18
329 52 1
7258 89 64
5311 48 87
9179 1 70
2893 20 73
5824 29 61
7904 32 35
7899 76 21
6237 32 27
2638 19 38
2594 69 99
5738 40 73
5872 83 90
5478 37 34
7449 95 81
8226 53 21
1302 56 32
1165 13 26
9130 31 9
1845 96 57
5933 99 13
8606 56 65
4050 17 29
3461 87 95
3867 86 74
9142 93 23
9391 23 84
1467 85 39
5609 35 20
6519 65 12
7603 37 74
2755 59 64
5235 23 85
3304 82 76
5430 96 44
7772 5 50
9196 92 56
2353 83 2
7971 82 42
9819 59 38
3382 17 32
5713 53 31
6952 100 75
6551 56 43
6220 18 43
5497 83 75
7592 64 14
9035 7 73
907 88 73
321 35 25
8202 54 68
8489 61 7
7282 4 40
7136 16 49
1338 41 83
4 30 6
855 4 100
9542 59 56
7717 33 83
1028 47 33
1155 10 74
8580 12 36
8799 11 69
7652 27 74
8067 16 7
6352 69 58
7967 19 86
5540 63 62
9943 46 49
5204 82 98
7583 93 54
2505 2 55
8933 22 82
990 52 40
5455 60 60
3595 94 47
1381 81 70
5200 12 91
8369 54 59
820 22 4
2565 99 63
1039 84 12
9916 7 33
3221 54 100
8612 28 85
1205 100 97
8619 56 42
1875 36 16
4137 54 70
2641 10 32
4557 67 19
3123 68 8
4875 35 90
1588 46 44
9029 15 29
9860 46 43
4728 66 34
2708 79 64
7529 64 13
8628 89 9
7584 85 10
475 0 34
8165 65 60
3239 25 71
6729 15 81
6695 75 72
1127 62 75
310 63 31
6508 64 94
3033 5 62
3 98 66
2284 20 87
9844 90 35
952 14 33
4223 94 35
9241 3 80
1492 54 79
2238 65 96
949 21 98
7232 60 30
9967 63 74
7416 17 16
3574 36 52
602 76 85
2224 17 34
1256 5 87
8291 21 42
4483 1 59
3042 42 46
4388 29 38
7524 24 30
8107 6 91
1095 92 9
8293 66 29
1476 50 7
7333 39 58
995 86 13
59 33 91
8225 62 82
1689 56 66
2111 98 79
9446 84 77
894 70 98
5235 14 97
7721 58 27
3565 3 62
7603 71 74
3395 53 8
7553 39 55
5530 100 79
2713 26 19
5661 50 51
7819 49 19
2521 57 62
3504 40 38
1609 20 33
3602 65 16
1454 14 1
4443 80 69
9682 44 91
3121 36 87
1006 63 38
5649 71 11
1545 18 28
1738 31 9
9075 52 43
7612 5 91
2737 27 72
1217 11 51
5242 80 53
3452 50 44
3731 71 72
1232 61 9
8775 1 31
4835 49 71
9289 49 94
7747 52 21
5437 44 22
8888 43 94
3029 20 47
3659 83 43
5737 72 100
9590 94 14
9769 3 47
285 1 73
198 94 56
8460 18 2
5982 6 85
8593 8 11
2232 50 94
8300 23 41
8864 99 50
2982 46 50
8116 4 90
447 80 10
7886 88 69
7339 49 98
547 84 8
558 68 64
6013 67 18
6277 89 34
7301 44 71
7784 65 38
9796 31 18
750 15 57
266 93 28
8864 78 46
9967 100 62
9090 27 5
6217 66 94
8286 92 72
8238 85 10
8914 33 69
7611 61 17
5644 85 77
2804 95 62
5923 89 77
5710 56 30
6568 28 15
1403 17 80
6670 97 67
4165 34 23
1543 84 94
4365 60 40
5440 11 98
2517 88 21
5086 93 99
555 73 1
4633 41 17
4615 17 28
2328 96 86
6488 74 27
6399 15 78
5563 5 44
3685 99 98
7852 61 58
3626 79 1
4929 57 8
9623 23 17
227 54 34
4039 77 61
7775 22 61
6902 17 83
2862 8 11
9911 66 76
6001 59 73
9403 57 86
5967 74 8
4095 69 34
7938 27 26
4662 80 41
8367 34 79
7560 21 72
9253 41 31
8122 91 24
2554 11 57
1247 59 67
9585 72 56
4798 83 8
2687 60 60
7636 91 36
4590 42 24
3036 94 26
514 85 79
8173 38 72
4444 96 8
9844 16 38
5116 9 94
2 12 75
3083 69 32
8984 95 18
1463 69 13
6016 45 7
4433 98 59
9887 61 35
9621 48 56
761 17 69
6393 83 33
4404 50 97
2601 81 58
7472 53 72
1569 6 98
7126 66 45
7066 66 28
6895 92 91
8313 72 50
6823 14 56
949 34 89
5923 83 57
3128 95 97
7776 4 87
26 85 99
9533 82 41
7913 99 79
7290 99 95
5036 5 2
2513 22 22
8776 21 24
6548 29 57
2947 0 77
4520 76 3
9384 91 31
9505 70 5
4827 22 35
2831 31 2
5006 42 92
1993 49 36
2260 30 40
6264 14 10
4581 82 35
8854 94 60
3682 43 67
1926 6 83
2634 72 25
790 92 78
1501 37 33
308 61 3
9248 74 57
9230 3 61
2992 84 53
3485 76 73
7355 38 70
6290 81 63
7308 85 96
2466 57 44
1575 81 53
5792 14 5
820 97 81
1514 79 42
8592 64 50
6597 81 56
5329 58 24
4923 86 75
1416 66 33
4868 72 24
6493 27 8
3828 45 74
9991 99 72
7796 33 47
9002 52 27
1332 11 37
4421 7 89
9329 63 45
7882 2 83
2098 0 19
8624 7 19
2904 45 76
4118 76 45
4661 62 100
1530 57 78
1933 35 35
9146 78 76
2684 90 82
7753 52 94
2279 31 28
9606 88 45
5429 58 39
7623 14 91
3840 93 29
1100 63 78
7416 50 91
1570 75 88
8295 88 20
326 3 78
8747 85 25
1644 40 18
1360 48 25
7695 13 53
1997 71 39
1658 62 96
289 20 71
8679 64 34
9614 94 41
279 14 46
9317 55 15
4690 77 67
9731 62 33
4192 94 21
7979 92 59
4999 12 37
9796 58 34
8871 66 71
5254 19 42
4852 97 74
4704 37 84
2178 97 50
6764 92 35
5254 78 85
1974 88 48
3756 96 56
9081 18 33
4195 13 84
9931 9 46
8689 1 13
7787 33 26
3507 64 7
6473 95 48
1091 27 18
4437 88 39
9648 12 13
1580 93 78
2505 68 67
655 9 28
4924 63 4
6517 44 71
9181 38 31
1619 99 47
3737 54 73
9961 74 44
4732 83 62
2047 43 3
1824 88 3
9569 50 86
7544 93 43
2407 64 79
732 36 48
9353 6 11
1799 44 60
3202 78 43
9566 82 81
323 8 34
4451 42 4
475 87 99
2218 14 44
6356 25 33
8906 92 90
5088 5 93
6615 84 95
9764 98 88
9325 8 54
1092 40 6
6368 34 4
5120 37 66
5571 23 73
7438 44 27
4807 43 13
729 47 69
2518 22 18
1273 72 75
8127 81 31
6228 87 93
8115 51 6
1605 7 53
2383 79 69
9722 74 91
604 13 43
9235 30 81
7396 4 65
6600 86 20
1591 18 62
7802 59 28
5678 39 64
8990 45 81
9886 35 51
8006 86 38
1328 75 7
4514 33 70
9598 36 13
7702 85 74
5922 47 62
7372 49 22
5099 44 41
4876 11 43
992 66 86
7625 91 19
7673 63 11
2895 2 6
4042 54 33
2458 20 17
9202 53 5
6154 13 25
4756 40 48
3525 76 58
6133 5 25
4427 61 88
550 55 86
2113 6 21
9667 93 26
8855 37 56
6107 59 69
2428 46 37
5650 14 51
9955 53 14
2900 36 65
8838 4 90
6156 60 21
5371 58 23
3765 94 90
9701 82 52
9566 24 80
8893 53 31
308 15 81
6033 41 21
5452 8 76
9133 96 37
9759 74 80
1656 39 34
7225 29 3
7088 24 3
676 38 69
4857 59 26
8930 22 63
3731 11 28
1913 97 25
7546 97 85
6466 12 63
6403 13 64
9396 24 75
5221 69 69
429 18 12
7253 18 20
6066 33 12
6117 41 61
8040 67 40
3422 60 54
6434 91 31
7563 95 83
3069 55 79
6249 62 89
8297 24 28
365 84 40
5481 27 6
3926 52 58
8718 100 91
6580 21 89
7919 60 57
871 47 92
2461 83 57
1147 29 42
5381 34 7
5379 57 73
7270 22 31
2757 7 21
2564 48 61
9574 12 76
1165 63 89
2886 24 49
4875 87 97
8781 60 22
1161 71 54
2086 70 81
5563 64 93
3964 15 2
5176 7 51
4947 33 65
8169 41 87
361 20 6
7687 95 35
7102 13 38
5921 42 52
960 57 88
3388 58 66
9339 80 92
9136 55 16
6112 71 50
1567 56 28
2036 4 74
3607 84 26
7851 88 80
2826 44 57
6164 86 19
6764 83 71
5319 9 45
2094 96 85
5246 6 88
2234 47 13
2033 46 22
672 94 16
9814 41 10
3151 66 66
615 97 16
6646 49 41
7236 61 75
1388 0 45
2716 26 17
220 81 76
6823 33 18
4950 30 18
7590 50 100
244 97 23
4238 10 87
6041 94 8
7953 24 48
8271 70 46
5534 22 14
193 54 53
8795 15 44
5015 75 97
3681 60 5
1217 22 98
6855 51 41
9719 87 80
7330 92 13
2559 91 81
3357 35 1
4590 5 43
6884 80 9
9204 74 53
7686 25 77
7026 66 10
1467 26 53
4238 9 23
3491 15 100
106 22 43
4288 41 79
2352 45 85
7333 56 97
8641 94 97
1936 43 61
6846 35 68
2404 98 8
8791 25 6
2411 100 64
8052 19 60
3354 84 1
1313 45 66
1830 37 49
7422 24 80
5655 38 6
6214 5 81
2059 13 85
895 46 69
7325 98 72
3538 13 71
6182 94 44
5228 34 67
4132 49 63
8422 23 71
7528 3 59
6608 63 44
7301 46 53
788 79 95
8262 35 77
5113 63 58
9472 9 94
9541 62 89
3769 79 63
9095 41 36
1480 93 70
4180 28 2
1534 50 53
7697 21 5
19 91 76
1906 38 24
2533 70 59
3186 61 95
6461 34 48
8594 71 89
2820 29 30
9606 61 48
8021 65 42
4429 70 16
9715 7 2
9104 26 100
7805 88 32
2077 19 69
8607 40 57
197 37 28
3851 21 42
4164 77 11
3465 54 7
9968 83 83
2988 20 2
2181 50 64
3510 14 74
7374 43 17
9662 55 56
4071 82 1
6831 98 81
8674 20 18
3012 96 9
7255 29 85
1537 62 19
2800 70 90
2692 97 22
3876 33 5
940 84 27
3507 92 1
2858 21 60
7331 31 100
5990 7 80
9289 73 58
7556 33 99
7963 68 94
5255 88 24
1604 46 14
3429 89 5
2808 92 18
4973 35 99
1977 100 52
3445 3 19
9418 29 70
3399 60 7
6467 37 4
5437 20 17
6293 90 12
8603 62 20
1279 59 7
1806 42 100
9168 10 33
3843 7 16
1487 2 71
6521 7 17
4041 98 28
4362 56 57
4266 80 34
6678 86 65
4733 75 98
3121 95 76
3256 7 58
2271 14 1
6418 100 33
4942 22 74
9976 90 60
6196 44 66
9120 79 47
4793 34 68
571 64 39
9335 98 4
3521 61 3
7008 18 46
4169 70 24
4159 28 29
9847 82 80
1395 16 5
4729 30 81
1543 81 21
1396 21 43
9494 81 39
299 66 20
3390 37 85
3969 31 28
4659 11 92
2640 42 24
1767 9 18
2714 98 74
9896 60 93
4303 48 21
7113 5 93
7806 72 30
5235 60 54
5040 97 62
1230 56 83
3025 86 78
5243 87 3
2626 66 93
7685 22 5
9852 10 40
2841 94 88
3158 58 39
9426 87 64
1722 51 86
1272 2 83
4435 42 66
4299 90 40
8939 63 26
8219 80 100
3763 10 29
3739 86 30
435 40 18
998 90 60
6067 10 9
5264 27 7
9401 6 87
3617 96 89
709 76 32
6991 81 41
2618 36 83
2923 40 74
2287 82 39
8269 32 59
4278 17 29
6434 41 42
2603 69 74
3270 11 99
240 37 74
3374 64 96
1735 4 21
2584 78 90
992 74 80
2053 54 54
5860 18 91
9302 95 5
9122 45 77
3510 90 96
6457 88 92
856 48 84
4374 92 51
2449 59 25
2528 18 17
2407 25 80
2256 52 71
9435 27 86
9589 100 73
8980 9 67
1240 78 84
8397 78 48
2668 32 71
4160 45 24
7050 59 40
2291 41 73
9466 44 49
9587 2 74
7573 11 35
1263 77 35
4505 31 33
3831 16 68
621 97 13
3333 37 99
1191 36 100
7436 92 28
7275 52 47
4335 82 74
8005 53 94
2548 9 83
5817 43 67
6649 22 55
9578 94 57
6278 25 13
7321 63 71
7956 68 6
3808 71 19
7469 73 32
62 99 44
9685 91 37
7363 68 48
7384 14 7
1423 81 93
4805 7 60
3399 34 18
4650 16 21
329 75 60
5409 46 8
2433 91 18
9657 6 58
7979 39 33
6761 20 73
1419 7 32
4033 30 30
5530 17 84
658 83 95
1523 18 95
5937 61 4
8269 34 10
3094 72 98
2266 67 80
7899 33 82
800 1 9
7809 78 71
8391 77 90
597 79 48
1443 84 90
8885 16 81
5891 71 33
4220 32 52
3626 28 88
7781 42 66
2925 71 90
2830 17 41
1293 27 29
7611 40 65
6789 14 3
2541 42 27
4583 37 71
5603 27 13
1683 26 86
3122 12 71
4809 11 66
3328 25 49
832 61 45
4709 64 70
6310 56 54
7332 14 4
8393 67 97
8839 31 68
86 93 20
2219 72 16
7138 66 69
6683 7 15
4998 30 17
4047 88 49
14 43 6
5702 62 12
6852 4 77
9074 51 5
5545 35 6
4581 23 94
4614 24 76
6938 32 20
3153 93 75
5813 3 68
690 27 65
3358 36 59
5959 92 84
3450 82 39
9988 29 37
204 37 3
9488 2 49
6203 78 54
125 73 86
6468 66 18
8728 67 34
3218 20 34
6545 99 23
8572 88 50
9627 15 70
175 34 50
7863 51 73
188 96 99
4140 14 90
4788 17 85
4411 89 93
9042 20 84
8081 79 49
8728 28 13
6205 38 47
6717 3 63
6931 4 51
4902 62 82
9232 51 67
9940 8 55
2209 87 64
5965 82 49
7086 92 71
590 32 79
5515 28 49
8864 9 83
6609 54 86
3353 60 14
7033 59 56
6933 72 77
9370 74 14
582 94 44
1379 24 78
7672 71 4
6940 47 67
3353 12 34
1497 76 26
344 40 65
3487 100 85
1947 12 71
9291 0 1
3958 21 57
9567 38 60
5658 98 36
4399 68 87
8715 94 47
2652 4 76
2357 80 53
5200 78 27
7825 94 94
6874 50 57
3635 19 91
8284 72 16
327 59 71
3633 84 5
3691 78 88
2531 87 92
1247 53 77
3373 41 51
7420 62 71
6141 75 34
8177 76 54
7581 41 72
1172 17 51
3874 48 65
2472 71 92
3989 94 91
42 0 19
9713 38 30
6338 54 86
6254 9 100
1447 43 57
76 51 56
978 37 89
8739 12 91
8375 98 25
1929 38 4
7088 81 3
9107 7 24
2667 6 89
8833 70 65
4469 24 52
9076 8 86
3127 39 29
4786 5 24
2129 0 82
2044 69 34
5734 17 14
606 59 51
1688 76 36
3480 70 31
3571 69 37
5660 21 47
9678 60 89
7783 90 42
1808 92 39
3028 0 20
161 100 36
2110 44 74
5506 39 69
6341 2 9
8669 60 43
660 64 79
6320 97 44
6209 77 75
3367 57 27
6645 0 44
7145 42 35
13 96 21
1397 67 44
4241 21 91
7965 87 46
2500 83 16
7442 37 63
8860 44 34
3777 30 43
9859 60 98
3997 71 10
7454 1 23
4142 7 82
1884 45 81
3705 32 9
3314 80 74
8528 18 88
6230 30 99
2637 32 100
2025 47 79
1674 96 89
185 40 57
9347 67 38
1686 28 16
5678 65 20
8148 67 31
4218 67 58
8482 33 9
2759 69 48
9097 20 84
9045 25 74
3815 91 17
7841 50 31
4061 55 49
476 16 30
3015 93 50
3101 23 81
9355 33 53
3241 41 100
3444 95 18
6944 84 23
8304 78 20
7067 36 19
7703 15 42
2803 54 10
3054 70 30
8292 92 78
7788 24 33
9523 24 16
3515 55 3
3596 18 89
4946 66 60
6656 4 60
3793 36 86
2686 86 57
8030 17 57
4592 74 81
8174 63 37
6760 12 70
7 54 34
4859 92 45
6036 95 21
6541 55 10
7129 76 13
5934 33 72
1256 95 96
8100 18 69
2628 41 80
8010 55 44
2037 8 74
6665 100 45
6203 15 85
4501 92 21
3880 36 77
1417 86 78
6136 80 97
7526 85 60
9603 82 78
7496 88 25
7157 56 99
1258 75 74
2060 12 38
2717 62 7
3139 88 68
7236 29 56
237 19 95
7570 49 45
6389 49 34
2727 61 31
2804 17 77
2039 100 11
5107 46 47
8492 84 20
2451 66 97
9198 81 28
4777 48 85
5776 97 10
2175 37 99
1342 71 6
3656 76 58
3125 65 61
3426 13 53
2626 50 40
1746 82 79
5710 56 59
7899 40 93
8233 63 50
2688 35 51
4437 44 19
6203 9 74
3446 94 13
1341 62 12
3111 5 29
7112 40 96
5167 51 22
5002 24 19
1509 34 14
7436 52 58
960 47 66
7323 47 65
9891 44 90
2725 91 25
6999 33 34
8182 52 54
1930 3 56
3588 73 93
3000 55 94
2265 27 87
3544 1 90
4144 27 28
7785 95 4
7683 83 10
8780 62 95
8803 37 29
1828 37 56
8631 21 13
7757 48 51
1465 84 85
4618 38 91
4991 33 57
6322 84 84
502 66 17
812 48 91
4933 16 8
1401 87 49
2351 14 53
5426 85 63
6105 26 49
4131 34 65
190 31 73
9703 86 25
4208 8 57
3220 66 58
9937 99 16
9401 60 82
2689 92 9
8566 78 21
345 25 55
6539 80 74
9896 58 41
6996 13 38
5629 79 5
7876 52 63
9317 21 78
7985 75 3
9622 81 47
8736 25 49
3676 87 49
7025 88 16
2659 7 56
9756 95 30
6709 10 17
3372 77 6
5333 12 55
9244 40 89
4411 82 48
8577 35 58
7698 54 6
2103 99 73
6415 83 6
1407 20 69
8596 68 51
2215 52 93
3556 55 23
7979 11 20
7016 25 27
3740 93 59
3971 16 68
8687 25 75
8321 95 45
2408 87 68
726 46 98
2518 66 28
3445 10 30
4786 12 88
9023 66 45
9011 43 59
9549 28 69
5573 54 24
7744 35 21
6426 70 46
7896 42 18
1136 91 82
3826 5 57
148 44 1
9319 91 93
6053 4 25
785 81 46
1485 81 57
8751 42 57
8525 77 20
3836 2 59
5159 47 10
3980 57 80
7377 85 70
2840 41 72
6439 8 47
9467 1 88
2400 24 29
8188 22 1
2405 9 94
4669 58 78
221 10 46
8644 67 71
254 25 48
8025 67 81
4512 72 41
6704 1 91
8771 51 41
2472 81 9
5475 93 44
372 9 4
5433 11 2
1736 13 83
9028 91 7
2119 65 8
5033 13 61
7948 66 37
2904 12 2
4454 56 56
1983 75 5
5736 18 9
612 80 88
961 89 91
4669 95 28
4824 31 37
1667 61 13
1979 7 61
1432 3 75
3160 45 81
9765 37 69
1308 66 54
1352 85 51
4220 31 22
3612 92 10
9921 1 63
3626 91 96
3383 100 92
5280 18 64
6888 48 69
3439 88 24
5093 49 62
7642 64 13
7366 45 27
3133 78 31
6420 19 7
7242 58 81
1075 17 63
2811 39 18
2068 46 77
8835 26 17
4795 31 22
2038 11 54
3949 16 23
9276 85 10
4221 41 74
4657 19 84
3991 31 68
2351 32 12
2717 100 97
5854 89 36
530 9 29
1548 41 98
516 0 10
5065 48 73
750 65 6
8165 9 11
8237 86 41
4252 53 74
177 2 54
9057 9 72
759 100 26
6233 63 73
2182 75 37
1787 8 63
8920 38 33
2630 83 69
5274 29 83
8722 5 36
614 56 36
3114 82 93
2560 43 80
4040 56 76
782 91 34
4243 43 100
1708 79 37
8358 15 40
1776 26 28
2545 34 73
4026 22 99
1541 53 93
4751 51 1
3306 12 51
5926 13 9
6532 53 56
5315 16 73
7606 84 77
3699 53 33
4326 100 9
7128 59 60
3187 28 61
3302 81 75
9411 56 38
1006 19 66
4048 7 18
7338 1 64
8485 92 67
3465 57 62
6228 64 56
5004 70 26
7354 36 65
2113 52 13
470 10 9
1311 47 19
806 27 13
5761 31 42
2020 5 60
8151 48 89
9408 31 45
5450 18 14
9903 14 3
7151 9 58
4595 7 40
4383 10 55
5099 26 75
9717 63 31
8253 22 55
6425 31 96
6721 34 85
9243 55 55
1873 82 53
7635 10 41
9263 37 97
1079 3 56
646 70 41
5676 63 21
2325 54 17
1681 59 49
7192 29 48
5306 9 82
9895 76 80
2137 22 57
8084 31 75
595 97 73
9344 60 18
5841 91 97
3022 58 59
1124 62 17
6811 75 17
3149 58 81
8333 81 94
4364 20 87
4778 14 83
7960 67 95
891 77 3
3151 40 61
9073 69 8
6672 33 89
3047 28 44
198 10 93
8506 91 3
2215 14 84
8421 38 45
5804 43 18
3121 70 2
6994 44 75
1675 2 56
3089 5 92
8102 0 41
7532 18 87
9780 11 46
8425 57 25
7008 83 30
258 87 26
8895 44 18
2572 11 29
8151 84 36
3590 40 34
5023 45 43
3029 27 59
6311 7 79
446 75 29
6042 56 4
5701 32 7
2514 3 32
1556 88 84
364 80 24
2079 38 86
9501 46 83
7974 98 51
3555 46 86
9083 95 54
3519 73 78
5478 0 45
4114 83 11
5573 99 82
6807 35 89
3017 3 78
7809 100 14
2254 84 37
4821 79 99
810 64 71
4842 97 93
2824 7 84
9246 50 77
2325 93 11
5083 41 47
6556 78 43
7595 37 8
1039 44 74
3624 6 83
2902 37 73
1609 72 10
4251 88 35
3960 56 32
6677 79 31
3432 63 38
2404 94 56
8966 99 82
6045 29 43
6525 99 50
9816 81 11
864 26 61
7 76 99
706 93 26
9624 18 41
3977 63 35
9150 37 97
8419 55 49
9483 60 92
616 81 20
9201 92 86
1265 42 89
7755 54 83
3992 6 82
4486 17 18
5410 13 2
9732 17 39
9945 92 72
5027 19 41
2077 91 25
3226 51 77
8892 79 81
7221 30 69
5199 57 75
2994 83 25
4888 54 93
8332 44 93
9947 98 97
1734 77 3
7161 54 69
2043 78 6
6931 60 71
2228 97 35
4190 85 77
3562 62 6
8706 30 76
4302 31 24
1049 64 39
5109 24 59
5861 26 22
7816 35 18
7905 75 24
9884 85 79
2091 28 85
9423 100 1
2593 40 15
8531 80 55
5210 60 19
3071 52 6
4631 67 35
1746 1 22
1595 43 43
2809 31 84
3960 42 96
5621 9 49
8475 66 36
453 27 98
2201 6 39
3243 95 63
2395 58 21
8620 1 70
5446 55 69
7656 31 41
6222 29 17
8812 49 10
4429 11 35
5444 59 53
8912 24 15
8006 73 50
9218 25 73
1276 63 73
8667 54 21
4289 29 55
5274 72 49
8351 39 18
4545 64 38
8886 42 8
1922 39 67
5456 66 68
9512 33 58
5988 56 45
23 21 68
5432 12 42
7015 14 11
9756 58 94
3726 22 5
6419 97 61
220 43 20
3204 47 39
5244 90 47
4256 70 52
9208 15 71
2853 71 35
4396 48 87
5044 72 51
4591 61 85
1871 23 52
798 41 50
2310 27 87
890 69 47
1058 0 95
6404 23 48
6930 70 26
2391 16 29
4533 45 23
5205 25 91
5656 45 41
4613 83 73
2817 35 85
4844 65 39
3836 14 59
7435 29 30
4933 58 47
9753 35 81
8358 88 26
2832 38 47
4545 49 43
3757 97 3
9153 7 71
6035 9 32
5885 97 66
9567 90 24
2525 6 33
786 95 46
7570 1 32
2027 44 10
4656 9 92
7460 25 1
5725 71 65
4048 16 94
1935 44 100
3218 93 68
6561 40 8
8287 22 84
9831 78 74
4152 70 45
4276 58 18
1521 8 58
7833 57 63
8791 19 36
495 88 18
896 60 32
3383 73 18
5443 97 55
5105 68 84
9275 2 92
346 52 81
7255 84 77
490 8 43
2709 88 61
7566 59 33
6238 62 73
9394 91 21
6692 96 42
8626 55 56
9450 78 10
8017 95 81
3892 51 34
1290 29 29
1631 6 23
807 56 38
7763 64 35
4415 72 89
4503 13 35
9268 87 56
6292 61 66
3612 59 93
2206 85 48
9326 31 44
8287 91 87
5665 63 4
4085 93 5
8336 27 26
3885 19 59
9457 10 29
193 26 98
9880 5 56
479 8 68
9222 85 71
5435 90 88
4710 65 7
5110 17 82
1002 85 18
5231 49 24
3778 88 67
6714 77 97
6733 43 99
3535 59 24
5444 78 44
6725 83 20
5844 17 13
1168 1 62
1116 75 62
9079 37 26
7654 69 12
4153 92 71
1994 4 92
8386 19 33
7712 68 20
