772 81
3447 3 97
7202 58 25
3982 77 17
2156 20 2
5728 7 57
739 94 11
9679 38 40
6568 100 16
7940 38 93
1449 61 10
3355 6 31
8580 31 18
4934 13 76
9355 38 80
5922 80 11
4067 78 74
4691 57 35
2034 95 80
1221 94 1
8152 35 31
9302 89 96
9022 69 99
607 11 32
1502 59 33
7475 26 84
7010 50 28
7354 79 9
6480 64 21
1951 9 20
8197 61 25
2167 49 38
9200 81 4
6483 39 6
881 81 59
6553 0 54
2962 30 35
9279 19 27
2549 70 95
8200 30 58
639 59 30
6467 28 58
2581 51 66
1473 42 75
2581 55 55
3718 32 7
9335 66 52
6530 42 69
4148 64 54
8913 78 15
3686 41 82
1392 28 8
3553 23 57
4850 1 61
1185 79 5
2980 72 90
52 42 43
1740 50 69
7370 83 43
6007 57 99
412 96 99
3571 64 55
2217 9 43
4427 76 42
4584 91 96
5875 45 58
1449 64 40
7428 64 55
3517 47 33
1768 11 7
6456 8 77
5368 25 82
3541 95 64
3269 77 98
8698 89 15
5413 34 23
4571 7 57
5904 10 10
5844 53 84
410 55 62
1394 36 7
8546 80 87
4979 47 85
9291 56 42
9134 34 51
2089 25 29
212 13 97
1823 38 97
2280 19 38
7176 45 65
5740 88 55
3 7 56
6013 3 74
4931 59 9
6176 12 51
4199 65 25
8893 93 37
4374 5 46
5819 81 57
814 3 86
1197 77 56
1709 60 79
2461 51 23
9744 83 94
9447 14 52
3963 60 29
8984 15 22
6665 56 85
9191 18 5
7110 5 56
243 38 54
2297 97 31
974 51 37
695 19 54
1673 25 65
5524 50 31
5329 22 31
5692 40 13
3081 69 63
9858 38 66
7801 45 74
4807 98 68
9478 25 4
7007 95 92
4499 71 6
8399 8 98
1015 83 67
2282 94 19
6111 9 44
9788 73 44
3702 41 44
5655 91 89
6946 16 16
2445 24 34
3522 31 83
2542 47 41
2486 95 61
8532 98 68
1903 100 58
9772 98 59
3224 96 41
2054 94 25
5395 36 25
5056 24 78
2711 100 84
9790 100 45
8345 61 22
7501 99 72
1785 67 12
8665 77 20
3696 56 57
7149 19 7
4535 12 84
3082 33 98
3674 88 39
9593 16 3
6334 55 71
965 59 83
9103 32 49
5732 89 88
2238 95 36
6773 74 22
1274 100 60
7455 93 80
6061 32 54
5320 69 33
6345 69 40
8212 80 35
8211 50 83
2144 45 78
256 100 27
6398 39 28
5758 68 91
6371 88 5
4964 58 70
3309 48 29
8125 62 61
5241 67 70
9394 0 13
901 74 48
6614 8 22
1122 80 34
8311 92 93
9838 70 6
803 16 47
9136 37 43
3431 70 23
5843 15 14
7903 74 22
8535 37 75
3321 80 4
6261 94 93
8747 68 37
1698 34 36
504 70 1
4743 19 97
1277 51 45
9487 43 46
3889 2 43
4258 5 89
3581 22 19
4688 19 99
4025 44 34
1920 75 65
8697 44 51
7706 22 100
2471 66 52
3266 68 52
8000 34 11
4456 19 15
7764 65 17
3757 42 79
3801 29 90
2967 13 75
2416 73 6
2199 29 54
7355 99 39
6505 70 68
8254 85 36
428 87 32
5332 93 66
2868 98 18
9652 66 68
9710 89 65
1269 23 60
6802 73 16
9806 46 59
6222 26 26
5906 14 5
4721 67 15
9755 17 58
8246 77 49
4997 79 76
1378 17 11
7964 99 30
8577 62 28
7657 53 71
2685 7 95
1338 92 46
9903 72 1
8433 87 86
7193 45 19
2927 42 10
9747 69 94
6305 55 99
3654 85 20
714 3 88
7735 14 64
6417 3 65
5781 89 16
5885 95 58
2437 89 37
1376 98 43
9580 63 56
2049 5 78
8413 24 16
6636 100 36
2149 78 28
6254 50 67
164 47 66
2669 59 46
4542 97 68
9925 53 51
274 58 61
8473 33 82
4952 98 35
7337 41 59
4049 6 95
4847 30 81
3226 65 9
4943 4 27
8610 72 98
4655 34 98
5790 91 95
9908 32 100
2633 57 12
5582 37 97
8881 32 27
3925 4 40
5070 62 78
8133 22 19
4533 93 99
5558 46 22
861 7 22
1456 79 77
144 62 66
8046 0 9
6149 94 27
7585 37 13
4859 29 39
3591 59 60
7834 24 74
4876 10 77
2214 97 43
609 25 37
3940 28 53
1531 67 17
6994 64 65
2590 64 93
7504 52 93
8954 60 32
3060 73 82
4181 41 36
4365 3 94
4458 52 56
2310 13 29
6274 26 16
126 98 64
6352 34 40
9335 6 62
7874 21 12
8045 84 54
7221 11 11
4807 28 13
2552 46 51
8291 83 74
9542 63 81
3342 12 30
9629 74 57
6803 49 40
8643 100 71
4773 72 89
2778 11 78
5919 59 56
49 19 61
7434 88 18
8430 61 93
7823 35 63
2346 43 6
3854 58 31
989 55 28
5263 73 99
9178 39 36
3672 1 95
5549 12 67
9215 70 25
6019 94 83
3969 65 15
281 45 100
8835 37 81
6616 48 20
8504 70 81
783 82 14
2082 5 43
307 85 76
3933 98 95
3812 57 93
4714 22 97
9536 83 66
6936 18 59
7181 1 82
3144 84 89
6994 79 94
6322 100 19
4246 70 62
19 69 70
9291 16 62
8617 86 11
2925 31 73
4064 26 73
2407 1 8
6302 59 89
4581 68 17
1388 29 31
8544 94 25
4952 16 50
9590 42 35
56 2 52
8520 25 19
4112 3 48
2793 27 78
6822 62 60
3700 11 54
2884 14 14
2830 46 49
2447 94 34
766 53 11
2743 53 56
6377 8 13
5343 81 67
5537 42 64
4862 93 18
3774 92 93
3557 0 45
2334 24 75
210 31 23
8635 58 62
7430 79 23
7179 88 21
4387 8 73
7356 86 27
8569 1 86
7472 78 79
7649 32 41
3670 88 99
2457 96 51
5723 18 8
5138 89 65
4031 94 24
8360 33 94
7915 21 40
8545 52 21
4419 5 54
377 91 99
9863 51 17
8348 45 7
9039 9 6
3396 86 100
4614 37 39
8755 84 36
5894 28 49
6228 47 49
2070 63 59
3822 40 77
1905 96 52
9785 53 77
2263 69 61
1286 61 80
3737 4 4
3656 89 47
1344 26 72
4728 71 89
7885 95 86
2104 39 98
8935 58 99
2535 63 25
4305 42 26
7686 63 51
5035 62 48
2600 94 48
6651 52 10
6224 18 51
1787 53 35
6166 17 76
5861 67 82
4235 67 81
4110 11 26
6095 97 23
3104 41 72
8655 97 86
2331 36 44
9731 96 96
1054 97 95
3224 49 57
5376 16 12
8250 48 98
7445 43 49
3461 93 44
4798 19 32
5436 61 79
8528 25 36
138 91 59
8505 32 97
4136 59 61
5663 64 27
8800 54 38
9867 88 4
5664 15 24
8037 91 47
3089 46 21
8864 11 5
6666 56 45
887 13 2
5647 82 47
5449 47 23
5759 96 71
2306 14 88
2301 23 26
1498 72 11
3277 35 2
1971 25 11
3218 89 99
5214 18 58
4902 63 58
4334 55 38
5659 86 73
3024 93 37
9681 63 23
8730 27 4
6359 7 78
2194 47 73
8614 77 13
8961 59 12
1371 77 82
1289 52 31
4612 93 64
1091 89 96
7582 4 100
4284 66 39
3357 5 95
2850 91 5
732 61 51
8826 98 76
7174 74 46
7157 74 23
6693 2 83
8099 12 68
2778 65 41
5319 35 51
5661 91 78
6652 42 30
4294 39 17
1751 55 91
1036 23 64
4558 29 33
477 52 60
7864 85 23
9293 2 89
8517 33 56
1523 91 44
2080 52 7
97 78 31
548 17 23
9587 67 19
4507 33 94
7147 18 96
5405 79 87
6571 3 46
7591 74 51
2500 16 90
8523 80 39
7885 78 48
152 46 64
5526 71 15
9594 14 64
3070 71 74
9364 92 53
3155 19 29
331 9 34
6761 68 7
4581 37 44
1069 83 66
2995 39 98
8251 37 19
8988 7 72
4061 17 35
3499 88 70
9734 14 10
8427 44 16
8143 17 83
2064 70 33
1984 50 7
536 0 76
2402 75 43
3154 18 54
2436 63 60
2654 72 73
4491 30 21
3431 10 95
2462 90 43
5117 94 47
6656 12 67
7735 20 49
6000 100 25
3879 23 32
5071 1 80
8639 39 20
6769 49 85
1252 9 96
1191 85 28
1040 51 82
6283 21 83
2045 78 33
2940 3 65
6864 42 87
1243 31 56
435 54 71
1350 97 10
5446 38 92
3859 31 62
1207 27 15
8064 44 65
6975 63 50
9 64 30
6880 63 54
3498 74 75
318 75 10
2199 7 88
1067 19 49
2521 49 50
5430 21 21
6651 83 52
5892 81 40
9237 50 88
7472 41 59
1847 2 77
2016 12 74
2488 89 63
1081 86 87
4960 38 79
5029 29 97
1571 30 21
8627 85 31
3456 35 11
606 81 72
3146 46 11
2097 97 62
7542 17 64
5194 37 63
8981 36 40
8013 40 75
9795 70 46
8124 54 63
5664 37 38
8516 10 57
9357 34 8
3275 77 25
1226 93 90
2631 85 43
3774 35 88
1328 58 50
7575 85 10
4282 53 60
996 36 8
4333 19 23
1920 96 24
8758 48 47
8096 90 28
9682 13 92
1456 9 18
1529 88 98
7369 34 13
8328 100 23
7686 76 41
6386 32 53
4361 29 74
9545 96 24
1960 36 77
2856 82 33
2093 79 67
7251 67 52
7340 20 10
434 8 59
1847 86 5
8683 11 21
3295 9 22
206 89 57
9996 68 14
7430 45 10
3041 60 20
2477 51 50
6312 21 99
1055 55 17
2453 86 33
2595 86 45
7656 59 43
166 54 71
1939 76 75
6362 58 88
8429 74 31
4238 12 96
7479 82 72
4525 37 51
6702 33 50
2220 93 98
9889 71 57
2815 40 52
7941 52 25
6124 30 41
2117 42 74
4084 86 58
7022 57 50
2030 79 83
8939 71 50
420 9 9
4445 1 27
2131 79 23
350 99 98
1806 85 83
3079 49 82
9074 84 84
2015 35 21
8593 25 18
1622 82 73
120 78 81
7009 88 11
5410 3 30
519 27 49
7313 87 16
444 80 85
3131 95 34
3998 33 53
4386 91 50
4637 94 77
4567 80 41
8526 92 26
5537 1 15
323 21 12
1641 34 93
1508 41 26
2025 94 48
4721 60 66
1701 91 49
8667 64 76
3705 72 35
7936 10 78
5540 92 92
5447 24 88
9332 72 91
1292 67 9
8258 37 69
4141 89 82
8368 16 15
4692 8 14
209 4 79
8630 28 2
6073 16 2
1677 73 17
2294 46 21
9986 68 99
8589 43 78
5758 29 42
4281 21 94
817 91 62
6416 10 84
9459 38 81
1495 27 20
2922 60 10
9304 89 84
988 35 63
3857 76 91
2390 90 63
6095 54 36
1036 73 13
5036 68 20
9971 1 22
6566 64 88
2205 2 29
4609 9 100
1812 12 29
5550 21 48
4169 46 11
6636 12 73
1134 38 13
9039 70 7
6113 7 54
4655 94 14
8490 72 78
9236 93 93
8776 71 38
1343 90 62
8520 64 56
8427 93 66
6694 96 39
8804 8 19
2120 48 94
1495 29 84
4103 10 33
7451 44 1
4160 51 33
447 1 39
4732 21 96
2117 65 18
411 6 15
9103 41 89
7943 80 39
7192 3 25
8247 94 10
1044 58 82
9281 32 36
1851 25 42
6740 40 57
7778 34 87
6949 20 24
8027 58 90
5930 78 44
1744 37 25
7029 80 33
1563 15 54
321 56 70
3176 87 28
578 35 26
5661 20 87
