2000 9401
7795 7949 873
5901 6820 8550
3973 8942 605
1918 2269 3394
525 7490 487
6069 9794 3563
1031 9308 1669
6752 3962 1202
1825 430 7128
5432 3763 2003
6091 5963 3527
2152 2016 6628
382 4693 3975
4910 1426 6289
6073 1659 4729
1012 9439 1557
4722 2298 4995
5263 9173 1052
1292 6824 9426
5528 4055 8264
325 7495 15
7626 1942 8561
3906 5053 7216
2925 2389 113
1309 5735 3345
2161 6235 5488
1838 124 403
126 9994 9612
1993 1242 9333
8410 6694 5547
2264 8059 4321
2858 9167 9525
5449 6524 9561
2254 6368 2061
8473 8564 9970
7159 2423 6543
1826 3834 1169
8411 9449 7807
7266 7086 7108
475 8385 1903
140 914 7634
1155 7211 5170
1092 1004 1270
4755 6981 9920
5461 1986 1577
1933 4354 1386
8326 3987 1071
6831 8381 4255
8030 5076 628
8113 3962 3167
3637 6572 9494
8385 6991 1183
6284 3964 5
3870 3992 3660
8557 6438 8569
723 2153 3060
9702 8871 6436
7158 9700 3186
1091 7243 3273
640 3265 5673
3531 2318 3371
1166 998 9444
5117 5395 8250
5337 242 6877
5659 3239 6586
8641 8287 7691
2551 5993 7605
3024 4395 3919
5659 7453 4612
908 8566 8641
734 6535 5432
4317 7956 200
9556 8567 5374
6674 8186 600
7509 1896 275
3022 9748 144
9267 2374 4660
5207 7336 4018
9221 9543 7466
9696 1490 4645
8552 6157 837
5462 215 2088
9639 2944 3576
58 7769 5305
2056 4870 260
1773 2621 4134
1850 9208 5528
833 277 482
3373 1765 9064
5310 2706 7916
8946 3244 6956
3619 9976 6714
899 3641 4331
654 6845 5548
6980 1211 4072
8926 3101 399
5275 8917 509
1880 4680 7088
3933 2319 902
6375 789 8771
8378 3379 576
713 1165 8707
2891 3464 8306
4087 2578 6203
5929 1192 3386
8691 9390 1845
4064 8536 8956
8743 5976 8962
5061 8317 1000
2732 8250 5194
3220 894 6603
2009 6315 7205
1662 4469 9992
6175 5973 7257
7970 4139 9015
913 3875 5846
3354 3675 7677
7384 2158 2464
3080 1626 2620
6358 4013 827
4929 8329 1373
809 2735 4860
6729 4614 1868
4964 7772 6287
8224 2402 7940
4761 7028 9891
7453 3181 3052
3563 5163 8365
1496 8571 560
7858 9290 8397
5389 3335 5619
6991 954 5690
3455 6935 5173
8369 6906 1364
3049 5612 3792
3495 9333 8570
3100 3631 9400
8904 3622 985
404 1968 9379
384 3712 1304
8573 9505 9318
7869 2446 4785
6917 3614 4161
666 627 5873
434 5884 3165
6490 9569 8770
2294 3050 2163
4872 7830 9031
2849 7018 4783
5085 4088 584
5927 3446 2870
8354 5782 1056
5090 9596 932
6904 5074 8964
6378 7452 9850
5124 8469 598
946 263 6918
8816 4643 1546
9542 9952 3652
1343 4333 1415
2531 8885 3653
4975 7441 9793
6934 4065 4094
9093 9699 1940
7000 3792 9699
5204 2979 5956
7289 3966 2724
6495 4020 6708
1691 2073 6088
1296 1158 7653
3122 1633 6903
1608 4611 8577
3689 6595 1805
4393 5156 7831
1879 8511 221
1105 2129 2136
9187 6742 6050
3225 3290 7713
8660 3799 3581
1438 3488 9435
2397 8751 4426
2734 3446 6160
6615 3482 2308
9813 831 2272
6416 7477 3212
6921 5880 6036
8948 2657 3588
3076 9565 3921
1562 6353 3538
7313 5742 7376
9201 5564 2562
9258 9969 1803
9050 3291 4187
6048 602 9340
6136 3450 9574
9226 1540 1746
9655 5346 1483
7459 1557 1972
2314 6109 8541
6462 6188 8074
6680 2436 904
2523 2377 7912
3768 4731 297
3424 7293 5997
3532 7121 6861
8272 8239 4188
2762 8594 6141
2960 9615 6346
257 5038 1961
1947 8671 6472
1771 7865 9811
739 2863 2434
1566 3730 7966
5434 1112 9207
3913 2589 6232
5472 1044 4795
5900 4284 2005
8878 4139 842
4695 4971 8940
8499 2308 6814
7127 2055 951
7758 7461 8213
8989 2407 6789
5020 5547 2331
3839 7972 8819
4916 7885 7630
9828 3269 6652
6495 340 946
4347 6603 2780
7116 3377 2899
8108 3121 7516
772 7242 4090
2995 950 8058
9562 8560 9970
5752 8644 215
2502 5039 6797
6643 999 7366
7923 8332 865
9279 4093 8467
9830 2040 9015
1677 2477 1009
9585 121 3734
9915 7370 3079
487 3842 6060
1285 9622 6796
4513 7590 7358
8588 8674 6897
1810 9293 1809
6597 8537 9135
9799 3725 8440
2068 4534 4418
1393 1914 6848
8297 6069 6356
3686 3743 9353
1626 1721 1646
2454 2606 8886
5873 2804 5131
5851 645 5016
6377 711 5790
115 9466 2694
3908 2869 4390
6225 8755 2865
1200 9523 9328
1122 1083 2646
9914 7894 9085
5820 5255 5668
5121 1447 7235
3948 7093 1951
832 7328 9305
1329 5392 1717
1925 5948 4254
9044 4765 2176
1174 7437 1082
7529 5446 2155
2901 4665 1128
4475 5617 9466
6625 3428 9379
2596 6163 5395
2784 788 6320
6363 5407 7746
7723 658 4699
5938 2835 5837
410 1654 1684
4863 4338 9732
4192 6172 2652
7786 6772 8828
7896 8708 75
4935 7567 9852
8289 9111 6741
9413 155 7961
855 1591 1406
2007 5481 5694
6339 7618 5578
5921 9751 8398
1941 3321 3449
8854 7042 301
7823 382 7713
9137 6809 9660
3076 2403 9580
7233 6711 7957
7937 682 6853
5962 8542 264
8764 4178 7070
2200 9407 8980
3772 1914 8565
7141 445 1272
8935 4114 6039
9326 1577 9306
2130 6623 5683
3330 1450 1656
9957 8637 7283
7819 8321 5663
2158 6571 9799
8529 2069 3257
4985 5383 116
9516 6851 8636
9500 6636 604
1032 4641 5247
264 1308 1374
4767 5472 606
1454 9412 9728
9778 1726 2433
5870 5538 3083
6985 5699 9160
6823 3083 9367
1213 4792 7723
1787 5204 4775
9266 9168 4192
4033 7271 8886
4985 1687 8540
5872 9397 7171
6198 8984 2687
1656 2430 5530
1774 2051 4058
548 8836 2404
4852 9420 5827
7759 5714 4016
8740 2755 6859
1715 6731 2227
768 4003 5711
8601 3529 1581
8939 7409 7773
5420 2754 8924
4579 2877 5671
3647 8572 6853
9731 7321 6813
1489 5228 1009
6328 1889 7127
2366 2745 4214
5218 7897 4129
4921 115 8151
767 2398 1659
5991 2512 3773
5779 141 2736
2767 6515 5877
699 4438 1382
752 7263 1581
611 7761 4998
4290 8807 5754
3222 9119 893
7840 9031 9517
5605 6670 884
1316 5722 2791
8586 7595 7851
6837 7716 200
1725 8153 4844
2558 198 8975
8327 692 6477
3567 371 8733
4743 3958 6886
3433 7116 9804
2066 1225 886
5908 4316 5375
4895 1463 5952
2116 5261 90
4770 8066 1450
5437 8979 6197
9144 3205 7544
66 6510 2075
6243 4057 3701
3173 486 3625
7703 3699 2162
3275 9257 5396
6341 381 2803
6191 1122 7962
9943 6828 7271
7113 8187 1869
4188 5798 9623
7710 7256 2828
581 1199 2801
4586 8755 6563
848 3031 9638
4380 8255 4325
9780 4382 8066
9683 4230 8519
556 461 4107
7110 7683 6256
9976 6126 8829
9657 7826 2879
8129 8340 1811
2925 9361 5100
1564 2564 6473
8951 1721 2642
1987 4019 288
4853 2777 2395
9967 7296 7987
7485 2200 4173
3000 403 1865
7560 7604 1701
6432 8007 9162
4893 8395 1715
670 518 8566
8193 1624 5413
9672 1125 7923
9230 7719 6023
1587 1205 6710
2435 696 377
126 1170 5301
7532 6068 4066
9757 9892 5787
2130 4284 8437
4563 778 9404
6836 7064 5793
1042 2081 2042
6934 7328 6926
5414 6912 9256
7850 3748 1814
5743 856 2910
8429 3061 2817
9118 4960 1885
4565 9502 5716
5555 3646 6180
3336 1226 3899
6597 2491 8098
3631 7467 3685
5731 7250 1982
4923 1177 1472
2713 5564 7173
2663 2209 8374
8405 5265 5491
7424 8293 1655
3436 9753 2275
2849 6078 1544
8439 4981 2843
9251 6316 4363
1779 6217 9714
7619 2732 4047
6600 9366 5349
6421 9014 1129
2265 7748 4362
7480 8879 2452
6396 2679 7586
442 7566 7238
5595 8808 3077
6879 7090 5972
6203 7122 4714
3133 2461 4809
171 10 661
411 4778 113
112 7818 340
6505 8955 7243
6399 384 7884
2962 3413 830
3612 8931 9120
8112 8039 3516
1265 7494 9619
672 7363 9030
5538 4 175
8631 8486 8655
6879 6187 2950
499 6550 68
7818 7906 1912
805 4674 4042
4987 6406 740
8446 3180 90
9632 5047 2579
6201 7346 8009
3130 682 8513
5609 754 7500
9301 1927 8607
4339 2249 8779
199 5277 5894
222 967 7843
3563 751 2253
8168 6390 9425
9055 7410 3230
2427 6067 9597
2875 1161 6356
449 5296 4260
84 973 6265
1445 6837 7146
6497 9025 4686
7307 7994 2302
7900 573 7467
3185 5248 2462
3276 1721 5688
3894 6806 2574
5105 2711 2635
6570 6104 4804
3712 9092 1252
6775 9080 4534
8225 5634 1798
6320 7493 5863
2006 1872 6856
904 708 3967
1085 9661 2956
661 2688 7241
7721 961 8942
4117 8833 3345
6604 2177 5488
8768 2965 6270
4201 553 3236
4192 261 8973
4840 3921 986
5405 6894 2064
1129 8195 491
4428 5665 9190
5214 500 9894
3641 2742 3227
9251 5591 570
8675 8155 8513
4576 6826 7284
4360 1200 415
2353 1208 9403
2401 1669 9275
932 1349 904
8576 3508 3923
1907 7107 3786
8041 5689 3409
5091 3287 3418
9341 9653 8047
4766 7438 2379
3549 4963 8199
4029 6598 8694
6942 6531 5487
1321 5737 2467
5336 320 8740
1571 8335 3163
3365 8847 5317
2112 8602 2732
9879 5 7234
9530 6198 5933
3753 1406 7110
1411 4813 9380
7673 7108 5793
8236 3891 4549
8837 4791 5642
1063 4902 6316
7060 2283 8163
9480 7556 3469
424 6637 2238
6273 1435 9243
8465 2194 1535
8239 2514 9191
9524 2131 835
5312 9094 7531
3837 4203 6129
1239 2880 598
8177 9995 9950
3794 2271 5928
5161 8033 6662
1001 9953 4049
1610 2535 6647
2187 85 5062
3865 9122 2865
4325 8257 7285
6797 5776 8877
1603 7880 8330
4166 6219 6987
9563 1672 4689
6782 3707 3615
9031 434 4638
2669 4800 4269
6210 2208 2010
6610 6905 5603
5734 15 5647
8512 7044 742
8628 8378 7639
2102 6278 9393
2995 9455 1761
3026 1127 5450
4077 2167 6164
4808 4265 9574
7943 1743 4200
637 6694 2591
401 9642 6497
2970 3459 9187
6942 4487 1054
9966 6719 3664
2757 6 338
4276 2552 9789
1176 9299 4177
5622 9113 2779
2259 6373 1663
2560 5193 157
903 6238 6500
9 7401 9733
8232 9041 7331
9150 8436 6064
7893 3751 8828
1584 9457 419
551 9984 2271
9232 461 2342
2077 636 7107
3881 6526 113
2342 8726 3094
7965 4026 9605
4495 3467 7350
9700 1967 5901
3246 6652 4944
8481 7436 9509
6639 3090 5976
2245 1510 7338
3614 2067 3130
4265 8031 4355
9493 7826 2015
1927 6979 911
3847 8166 6738
41 6329 3265
7436 3951 3764
8101 7991 1064
1662 2849 4637
5351 5652 9778
8501 190 4822
8784 2221 7778
7679 5425 8420
5807 5283 1536
6547 3354 5238
6911 2781 1009
6998 4808 8624
1360 2267 424
3614 7591 9241
6424 9141 5724
6823 322 1715
812 855 634
3714 10 3179
7674 4411 1822
4357 6403 9793
4762 7853 8588
3232 9190 408
1205 8912 3940
9212 5343 4993
9524 7169 4599
1338 4744 4179
7645 3513 1315
4138 9648 4815
651 8089 9206
4505 3135 8162
8973 1751 593
8111 2370 3035
8193 3770 8732
4569 8808 8814
5120 1967 3578
7251 1578 4424
4348 758 2156
6921 1344 3542
9560 5060 8987
1423 7170 8944
6424 4525 9680
5981 9297 5018
8714 1471 6407
3648 6645 9965
7651 3648 805
5454 6637 4258
8093 4654 3431
8665 6625 1327
9920 6552 8124
7943 5875 7078
7712 2082 5460
8224 4813 8155
5783 1985 5801
2760 5587 3862
115 6579 6205
3870 9963 7593
9698 2454 6645
324 1616 9266
9355 6247 4774
4577 3022 2755
3583 3297 2046
7237 4706 8112
6033 9167 3301
8123 4436 6378
5074 456 6308
9525 7531 6363
209 3466 6660
7827 5626 5618
3442 1879 7435
4276 4740 6608
9933 113 340
2689 8079 7923
9290 5357 2830
2951 9877 3762
442 6436 8775
7461 3988 4233
7143 3150 5640
8693 1603 613
2720 7978 2147
3055 8837 179
2702 5946 7195
4283 9548 2853
9004 1670 9603
3333 2056 917
4838 2680 4283
9383 9284 334
6943 4360 7399
994 7590 8824
5048 5828 7601
9102 3729 4611
4942 7217 3826
9107 4287 5494
8100 204 4027
6824 9095 8298
4962 4543 1753
9467 7725 33
2045 1161 3801
6480 8290 6603
2279 1692 3320
6926 2335 6220
5369 2311 1152
8439 9247 8423
7903 3683 4943
8360 778 4366
3877 9740 232
8577 5776 8285
8031 8581 7439
2997 2344 1764
8717 3968 8112
7956 792 7972
5071 3657 8048
7064 6526 5261
9094 8051 4919
7934 9764 8807
8476 7873 2476
8646 5025 9742
9158 6923 594
5565 8374 2370
6488 8275 339
5402 4707 5310
8855 1072 7275
8151 106 2232
4086 558 8951
2049 9722 2697
9722 5680 974
1010 2700 942
1248 6231 751
3309 858 1743
6641 7642 252
8763 9285 4239
2643 3822 6166
5605 8533 3108
5554 9039 42
3313 8458 2520
5023 2375 9627
2609 6325 6320
6857 5070 2656
8809 66 3211
5898 9535 5121
5440 304 4798
5860 1351 9133
9514 2368 3807
3708 3383 1886
8676 4541 2799
9622 1368 8864
5728 5382 5532
1634 8054 3086
306 7734 7078
3207 9465 2527
5851 696 1633
3822 3322 8015
165 8588 8332
2672 3775 9873
6127 7718 4032
1315 5914 2405
1370 7157 43
4626 3646 8021
5028 8007 3726
827 6044 5702
6723 4022 5349
1454 4382 5164
5781 6975 2246
8851 4969 8732
7526 7686 8636
6732 2836 4697
7923 4537 7013
7148 4246 5560
9758 4716 153
3990 3470 6390
1329 4750 5757
9834 4127 4972
3639 2154 3512
540 9363 2831
8567 4540 8516
4166 9842 2046
4963 191 1288
2608 2311 2758
9874 8326 8788
7118 4652 5865
6506 1590 782
1865 7039 3952
5056 5768 587
8065 8943 6797
6419 3313 1809
4738 2213 9269
8022 5552 7323
4534 1142 8812
8510 3160 2077
9899 14 9362
4588 9953 5913
9684 7128 9134
5932 2992 1602
4212 7634 185
8334 1493 6704
3929 3594 3532
371 4494 8963
5623 4847 5821
4651 8690 8765
2854 516 1367
9246 4237 3754
8877 5827 2904
2840 4847 3090
6559 5210 960
1176 9968 3217
4309 6850 823
1644 8691 3365
2573 3855 158
3926 4853 2729
1315 6617 7098
178 5402 9632
3134 4926 9038
5164 4920 3173
2829 2930 8311
3052 3798 8225
8418 3289 2876
4581 6888 541
1630 7439 5574
2349 2573 9129
653 7689 3837
6430 450 9453
7957 9797 7285
1564 1430 7264
3034 6504 2551
3449 6305 8485
2820 2050 5827
3702 4060 6141
8116 7035 2805
9100 5313 1962
9923 694 1111
4731 7628 9440
6845 9426 7190
1345 9338 8850
3565 9884 3720
2350 8651 8954
8313 4098 3757
8534 7636 1417
4832 9819 2228
3927 5280 6065
786 2675 1632
44 285 5872
9711 6273 1499
1394 7023 8175
2516 8008 939
4666 2544 6699
2706 7969 7155
9888 8682 354
7056 8947 5005
4601 6273 7168
8370 2046 7253
4515 4412 7035
2442 7535 1063
9224 8513 7661
6080 3238 2108
1796 895 4225
3645 2424 5682
6392 292 1153
2797 5408 8747
478 744 5774
8693 4731 9992
671 4760 2367
2449 5645 5653
9538 7487 9902
2338 9989 9655
5879 6576 5745
2230 2908 4997
5299 695 6069
1097 4933 2388
8286 9796 7377
1644 2991 5846
2138 1258 3240
9124 7459 532
1573 2160 2399
8341 6058 9834
7650 1468 5937
4895 5971 1442
1475 6478 208
2840 4268 2901
3226 4706 7006
3227 756 5182
7954 211 8603
3792 1585 1424
7720 4512 5568
173 7373 2235
94 1394 972
1164 8815 2777
8674 6102 4062
5278 7811 3022
6811 9183 7315
3471 3444 5840
4821 7551 4625
5466 2198 6899
1694 9992 9876
4720 945 6713
7760 1568 4136
6019 9368 2458
9761 7092 9639
9817 4227 1663
3000 689 5540
1518 3756 4660
1649 6053 7463
441 8342 6717
2740 3737 2971
1987 1606 328
9282 6183 9669
2052 2847 1285
416 4110 8998
3967 6592 7779
808 3324 5892
6031 170 9867
1644 3072 1301
531 1057 945
1453 4334 5613
1111 9319 5881
3420 164 2152
4196 2415 263
6175 4051 7162
8490 6983 2283
4808 9164 5974
1883 4155 8683
5057 9642 8045
6155 766 1026
5883 8619 8600
6597 2283 3096
1192 8779 1544
2496 3789 7427
8790 8669 3725
4162 8463 4109
6174 2652 5284
7956 6884 9238
2492 2498 9190
6440 2062 4829
3616 3620 9677
9335 5005 9866
2582 1916 2600
9023 2651 2862
8401 1591 898
5532 383 3678
3278 7842 431
9892 5302 3084
8231 5099 4424
7560 2285 7511
502 6853 3144
5113 5445 2725
123 6527 7830
4856 9834 5823
8240 9064 1092
8977 1602 4813
5356 580 6680
3593 5406 882
4981 4173 5146
2326 7208 5834
442 140 6638
3391 1248 3105
7537 2674 4179
6981 8374 4886
9805 4099 1420
1729 8422 4241
915 1295 8349
351 5602 2386
4206 2510 1497
1529 724 7755
5663 58 4987
5031 6347 1647
2010 7708 8914
8455 656 2732
5294 7589 2961
5289 6597 3797
1908 9330 7175
9069 9264 7972
9275 8705 8907
4591 6563 9711
2706 4316 4523
5218 7729 2744
182 4491 309
1692 3961 5259
9069 8934 7878
3665 3 274
5587 3102 146
1123 5625 7564
6035 4444 9317
6905 8874 6047
6409 1762 7592
3022 5539 8665
1991 3244 7846
2989 6307 2302
1989 1997 6128
5098 8317 5998
62 92 5582
5668 8646 9989
5703 6474 5305
3272 1874 4152
1617 3312 4933
4215 7052 9997
5234 754 6995
7132 8041 2331
8480 278 6839
1016 9341 7219
3342 4452 9894
6928 7185 2574
491 3423 2963
5639 4452 3415
1575 8520 938
15 5835 5531
5544 4505 1421
797 3992 6063
5006 412 7630
6268 3905 1105
5314 3435 4814
1476 2900 1443
9525 1402 2964
5930 2115 6340
1590 4095 3441
555 2678 2784
3525 3846 5906
6260 4518 1194
8615 8448 2069
4516 3232 2648
4681 2302 8993
2549 519 5550
6985 8362 4560
3159 9916 9646
7234 2280 751
4111 4803 159
9944 3876 1400
2303 3849 4828
4228 3001 6287
1734 6680 8240
3984 1227 5578
6090 7263 2079
8549 1322 9909
8580 8126 1719
8612 141 4934
7819 2377 4936
8435 5744 5085
5284 651 5040
6489 2532 2959
4666 6973 2331
2349 4983 6243
5049 9270 9817
2314 2756 1021
1472 1416 2017
2134 3707 1930
8183 4624 8150
3157 7538 9228
782 425 3911
3559 7145 4023
8567 3985 4316
8714 6704 6828
6773 9054 2127
1596 4490 261
3397 2417 6760
3312 4813 5585
5964 4356 1980
5989 902 5921
3475 8870 472
5442 1848 3923
2608 4078 1289
8917 516 8269
2149 9308 4846
268 8650 8349
5421 4456 6897
820 8737 6224
7077 8392 3090
8481 5303 4848
2520 8084 7029
4078 3863 2114
6095 6297 5982
8694 513 8127
2039 1961 2907
8099 2549 6082
8996 5637 3426
3750 1961 2083
5429 4799 7836
7847 2139 402
7673 1673 7456
7678 611 1206
5602 1745 7476
7633 5821 2487
2743 1928 8464
4624 8461 6298
8542 4075 4179
3583 4860 5436
9034 6344 1483
7603 350 5073
1043 2909 4160
5999 9397 7630
6004 4780 5953
207 413 4645
7002 1497 7810
4837 3858 6880
5914 3241 9653
387 1860 2287
2210 114 776
5785 3031 2726
8804 7604 7902
609 881 2658
655 9565 9456
216 2023 75
5039 8292 6886
3790 800 6495
4646 3525 2994
3008 4445 9677
7260 3675 1485
7989 7480 7664
8308 1758 6612
9255 3270 7662
896 1014 629
6851 4078 5872
3127 1839 1301
5715 8915 1955
1716 2917 4084
3482 7656 7839
321 4876 4117
2640 4632 1559
36 8632 1959
848 8861 961
7530 3802 7129
7984 9314 5495
7507 446 9852
5471 8857 8638
2589 2229 8825
4804 761 3893
4099 772 9670
7589 9704 3569
3256 2148 7588
8582 19 3335
1023 321 7803
3540 259 3883
6126 3646 3609
6577 8752 9111
6340 696 3063
3681 7818 2735
6679 9133 2605
7013 4513 2387
193 5227 2296
7607 1069 3189
6956 5813 1338
1670 218 1885
1084 2031 3186
3475 4254 793
5085 6595 7340
8587 2973 2842
766 7314 58
263 311 6604
3517 5303 9332
5617 1171 437
5428 657 3789
4137 2946 1056
9635 1700 4871
8872 5375 618
9630 9003 1913
5107 4754 7630
3321 5300 5518
6627 9332 3997
1666 9156 3440
4387 3644 66
4719 5163 4613
474 239 8596
3080 971 6714
2730 6628 1707
8151 778 5726
8858 9281 2439
7326 8159 2609
2303 6475 1533
3544 7160 8990
2401 7576 5204
819 8149 469
6620 3402 8785
9917 7459 9885
996 2776 3119
4030 7530 136
62 8098 7298
4133 2061 2792
8955 2992 236
6726 3863 6674
1559 9777 7679
7923 4200 688
8290 2589 9126
3769 3407 8972
61 8652 3006
1789 5210 8762
6232 5841 3817
8951 8519 1238
7226 2106 1189
5375 3723 7503
4417 3297 2393
8742 4606 211
1100 1944 6385
1751 4655 5820
9206 5782 6315
3487 7930 8986
7892 7379 3506
6249 4518 6993
8241 3291 8377
3917 7643 1381
5465 9764 8139
7211 2798 1988
8052 286 737
8979 1107 755
6292 6176 8452
4327 7781 7805
6066 3221 4196
5892 2572 8024
5380 8411 9225
6910 7071 2905
5794 5885 4041
6219 5764 330
1226 7526 4666
7457 5486 9513
49 4699 1482
5747 139 6100
3004 7305 6651
3496 8722 4355
7422 9458 9924
4574 8144 4405
2468 7837 4692
8014 343 2174
446 1685 6168
912 420 2975
2192 4175 5521
9185 5479 9208
5400 2387 3518
498 384 1723
7089 9080 6224
3972 7439 2465
5880 9823 8143
5538 7006 7841
1998 8061 5096
5423 8678 7199
5807 4847 6185
1664 9687 8531
7040 807 5006
3179 2817 8954
4847 6376 6045
5697 4176 2625
7062 1433 3136
1544 4393 1199
6592 2308 8802
8157 996 6164
5617 8783 4876
9625 3743 2720
640 8665 1137
1282 4228 6325
4663 7348 8360
6325 1210 6592
4124 6760 5945
2273 864 2309
1361 687 1386
5398 7505 8730
1099 1781 3851
559 2827 6629
9711 9810 5839
9628 3168 857
3666 8102 2797
9011 8582 1933
9425 5525 1078
2361 9754 2062
3855 3357 5112
9180 7226 279
3518 7841 1492
5908 3287 3167
8544 3675 2252
4810 1672 1139
639 8129 4608
2600 1504 4421
5067 2226 9753
4034 2209 5651
5107 1954 5078
2948 6380 1275
7702 2650 7702
3005 6287 7967
219 5528 1350
2650 5270 2980
446 7885 6764
4871 2636 6848
7932 1668 6852
2323 2819 2339
6546 7049 6778
9986 9892 1846
786 4852 1943
888 1239 4483
3670 7257 1856
2082 2527 8372
4026 450 237
8808 9991 9759
1235 5832 8534
6609 8606 5393
7557 7682 5779
2247 1516 921
2292 6761 6613
8843 3500 9687
7689 9864 4767
8762 6922 7173
4041 628 6874
977 915 3013
4370 3934 9753
8222 6993 8364
1974 132 4664
6168 8258 8607
9275 5589 1563
4016 1798 4380
4243 393 1381
9129 3196 4395
1576 448 2183
9333 1788 6597
6347 1372 7690
5617 3528 3428
7085 9071 2319
8914 8920 6348
5726 4773 2086
3264 8083 6489
8278 7014 732
7970 8296 7081
6577 170 185
6700 9566 396
4239 8423 7530
6693 8513 5163
2092 9620 2939
2413 5525 8597
1419 7090 5096
3582 8328 7056
9833 131 1492
4544 3180 5839
7232 3063 3162
3970 5289 464
569 7754 2692
5526 8765 9400
871 2127 4105
7645 3761 5122
1473 4872 635
7268 9653 7940
2398 3105 7600
5070 2800 5618
2119 6539 7535
5635 6200 3944
3320 4562 8143
2233 2356 2163
183 2339 7883
6144 7871 1393
1450 7770 4873
9026 9713 8441
6050 6598 2621
7307 7496 2492
1005 9098 7496
6806 4262 2205
3644 8559 5013
1642 9505 2798
1280 6055 1526
4132 842 9195
5819 6627 7435
8069 4311 8779
3653 4244 9091
3358 6835 1942
7053 9372 3463
8025 8688 1441
7970 6589 2964
8731 5831 9536
2833 1741 3417
5880 5317 8029
7056 1256 8272
8262 7987 6596
4170 3208 1473
9397 4770 4898
3645 4441 9908
5934 8227 8222
8818 7412 5893
1098 2379 5287
332 3048 6926
8133 8551 5759
7507 714 3920
8644 5341 5239
9585 4892 3491
612 2585 8332
5725 5615 5695
1796 5784 3857
4999 4036 2075
2372 8033 1150
3589 1636 4613
2446 9318 7528
8237 8516 3169
1476 2376 5762
8690 2377 6214
3547 5214 8355
4723 7295 1878
1623 6477 3752
1456 4126 349
7112 36 1932
4559 5025 4541
9077 9226 5861
7375 5066 7593
9111 8613 6546
5676 4926 7567
6520 1670 9299
8964 7195 5769
716 4060 6025
8263 7252 8407
414 9713 2783
7652 9633 7062
9151 7920 279
7410 7642 8292
1932 2340 5352
1134 8278 392
1694 9404 7543
1796 168 3564
5783 4231 2340
1664 2364 9789
170 7845 2664
3397 5494 6261
2698 4960 3052
9502 4771 9143
8455 3638 28
5028 4031 1692
7989 9520 925
9616 7922 2701
6990 4634 2315
9907 7437 720
4058 1814 55
131 8609 3191
7565 3956 5920
8583 9611 902
128 8732 368
7093 9369 5444
8147 9036 3465
1323 6197 933
2835 5644 5712
3660 3355 5542
9559 2635 1194
7116 5069 2169
6720 5954 6581
4558 7733 7986
1073 7052 9112
7388 636 3506
9691 285 9486
6440 2828 9715
8397 4872 7136
6546 6346 1860
2043 7949 9889
6105 7167 8486
1293 9311 2207
8838 7579 7526
2218 5831 4952
1510 6741 8013
3941 3825 2585
6087 8876 3878
8919 6855 3902
6966 8580 5454
446 5678 8261
6391 8471 8225
7654 3080 1812
8213 7717 691
9382 1232 3294
3531 8181 6606
2637 8642 6736
7107 3981 922
7677 8334 9569
1118 4186 7282
5943 7905 474
6467 9977 5653
3720 1014 8771
8381 4030 7770
7811 1762 9264
7823 5314 2329
4688 957 8507
6666 3039 8519
3540 6481 1297
9713 7349 2449
2593 115 4706
7499 8723 2523
368 1202 436
8202 4297 970
4989 4595 9288
3258 5755 143
6835 934 9904
2125 2121 7702
5848 4538 3184
3877 1908 9855
8747 857 5219
5938 5591 251
8284 2604 6992
574 6986 5866
4315 2392 558
2822 8699 7971
5381 3533 1396
8378 6441 453
1819 9693 7029
8007 198 5132
3812 1242 6075
5779 9998 7078
7877 2948 6658
330 3643 5896
5934 3294 7894
4600 2953 7179
8231 3600 5744
3879 523 4940
9596 4040 4638
266 2003 8067
7638 1808 8914
5386 6235 2179
5722 4951 2141
8656 1036 9522
3142 3954 1932
6642 5654 5177
3658 6963 6738
8882 9315 4895
3413 9348 2262
8851 8287 9458
6465 6669 9471
990 9208 1751
9952 7190 2367
4374 5599 3076
5175 8 7197
4024 4037 8506
9834 879 1013
6982 6573 423
9417 6141 5364
9796 5649 1083
858 6731 1296
8947 4577 7369
5864 2534 4917
6460 3521 7650
4588 305 5942
3664 825 4398
6489 2191 2899
5247 1266 8075
9261 8300 182
6823 1109 8250
3157 9238 195
1214 7157 8662
433 1933 3728
3410 244 1991
1609 5894 6834
5775 1858 4632
9214 2798 4953
7777 9560 6916
4773 8271 2413
5228 3826 9206
4768 6479 4617
8921 4116 1394
6239 3581 6056
5459 4573 6607
5654 8224 3295
1953 911 9031
7535 7682 6634
9237 92 2337
1618 451 9130
806 3011 3197
8162 5932 61
121 9141 4064
8859 4458 9439
1494 2341 6962
8361 9533 5217
6153 7562 8485
7068 5292 648
7478 6190 6391
4442 6035 6872
5873 3449 3691
7571 1621 7873
1678 7583 8259
668 7127 2617
549 408 9377
7989 5154 2603
3033 3440 9407
3661 2707 1888
8202 2511 1565
5399 5110 8427
6984 3310 6042
2141 5156 7866
7754 6007 6789
1813 4338 3290
7246 2205 1637
9890 7468 442
915 7304 70
4541 6070 4708
116 6182 5398
2388 5979 9625
774 6380 815
9091 4023 5852
3444 6125 5671
2369 8017 6416
9626 2343 6869
780 347 1604
1040 2382 6693
3448 1945 8750
2680 4537 9727
4501 9326 9639
9018 783 1475
832 5846 359
4127 7440 3337
8283 1266 8897
108 2378 4151
5040 7172 1649
656 7776 6099
4563 2410 3267
1295 9147 507
1078 8552 4423
768 4552 5889
8082 3454 3955
9430 1873 5771
1730 1418 7783
459 1730 4715
227 1190 7384
6882 6928 8875
4426 6481 3766
1694 2676 1676
6806 2231 9263
9437 2811 3584
4551 5736 5433
7594 5472 1301
7293 3778 7675
9218 3377 6403
4644 3884 7340
6454 4237 3209
1119 1322 6990
9089 4217 3636
5540 8064 4605
5291 2051 9024
4760 6999 9891
6894 2424 4083
9707 8474 9423
5720 6847 3943
3957 5075 5479
1169 7744 279
7729 4634 8985
509 5274 5516
6938 233 4681
9877 8602 2777
6660 1274 2759
6898 6367 4661
2637 3953 7807
8907 5644 9896
9205 2838 2678
1216 4662 5304
3338 7821 3907
4230 5511 1252
7496 224 9482
1300 8455 2817
3456 3248 1103
7070 5710 8197
9895 6427 3546
4801 9031 9874
2753 6217 4919
6096 9497 5652
6605 5242 5905
7469 4057 5372
8643 2599 4158
8794 2941 3038
5933 6571 6892
1249 7389 1433
1795 6235 4077
113 6482 3766
6667 650 896
6315 1992 7124
959 29 8673
4765 8301 2850
6879 9755 5491
8382 9116 3357
74 92 9788
2170 4145 1035
1320 347 9489
1663 27 2344
3082 5892 3569
3959 3985 5919
5285 1305 1639
8103 8499 2988
9691 379 1515
1305 7543 3345
8299 4224 2984
4614 6971 3030
6667 9060 6101
8086 7717 821
5972 7731 1437
8316 2346 9910
2701 3900 4928
7452 3419 6199
3068 6619 5903
559 1084 1983
1497 9354 2098
570 9634 9347
8756 770 253
7354 9965 8249
3385 5213 180
5268 2883 4652
1584 6036 2443
1771 1644 5248
5291 7052 5937
1425 8983 664
4907 222 5247
8642 4478 5316
7859 3399 6236
7886 3322 2112
2369 608 2787
8327 2854 6458
8024 7628 7177
9211 5982 50
2530 4897 3432
8434 6622 1272
5701 8372 8384
8987 2592 2817
67 1581 4672
738 8278 3018
5095 6029 2175
7174 4588 5905
3982 7638 7345
8873 9241 625
9107 3897 535
5080 1789 3902
9279 2223 9974
9069 742 4496
2816 4577 3836
6049 1642 1284
3351 2238 6575
3479 2869 1680
8871 5043 104
6853 8547 3382
4907 7067 3231
1429 7639 7084
2392 8282 9351
4172 1098 633
9444 7343 5515
3337 5490 371
6390 9563 1754
1282 4565 3416
943 9073 9711
8906 1636 2891
4183 8633 3141
9925 5255 4480
4412 709 571
2480 7916 1818
8439 882 3059
4636 7443 292
4817 9148 8544
1771 8372 1421
6997 6171 2447
4780 8536 3128
8006 1959 9478
9338 6789 36
947 9602 7275
4499 1897 8872
3400 3299 9559
4966 7907 3649
7512 726 7692
7424 8043 8432
2184 6883 4755
7687 8298 7678
9646 9904 1081
214 7441 8883
6267 8599 8412
4507 5213 1783
5590 4006 8273
4190 2887 470
6250 4642 2905
9556 8573 8410
738 4495 212
1108 2639 7684
66 4668 8629
4568 6252 796
2680 2812 1415
3704 8268 5530
6243 4041 3039
8754 4339 1764
4580 1547 915
9580 8165 1898
8755 7449 5482
6926 4767 7376
3588 4039 3204
650 1070 4842
8090 1498 7340
4831 1583 7357
8171 7912 7564
4157 1919 5557
9622 3350 5233
9306 9229 6434
9585 6324 3664
2693 7862 2743
8022 4031 3287
8346 7817 292
7791 2740 872
838 7014 7682
8161 1407 418
9020 3771 6897
2486 1587 3985
8728 323 4974
6558 2234 1912
8002 7298 2791
6823 7325 2620
2550 7701 5122
539 5606 307
4082 1827 6763
8282 5471 5966
6833 8082 3966
648 5096 4052
4438 4767 5558
4313 534 1664
5068 9415 8004
3163 1152 6636
2860 7016 5313
4116 8738 9535
143 1394 2824
7004 3691 3732
8230 1497 6574
3757 9632 8267
2263 1983 581
8425 8782 260
9513 3244 3153
7083 8020 4650
6146 3811 3865
9874 4078 5917
4848 7391 4257
1641 9648 6372
8998 1663 4966
7563 2732 1441
2808 2805 4026
342 433 7398
4905 1611 4577
5214 8018 2760
5971 4486 9516
8229 7248 385
615 6528 245
8521 9088 6491
519 8907 4379
8893 1709 8346
4449 1371 8910
4090 6458 8171
9390 3724 46
2936 252 8491
5467 8310 8641
2568 2977 4217
5174 9701 690
3077 7994 8238
2044 7269 8769
9068 9418 5452
2657 9278 935
6808 2784 8455
4576 4769 9001
8689 2162 1937
8692 4496 8528
9879 8535 1225
5974 872 3527
5658 1668 3060
3449 4099 1477
8909 5638 3757
2340 3454 7116
1867 2570 7130
7663 1387 3666
9304 6848 2688
6081 1797 3327
2140 9073 2457
1239 4683 4744
9501 9732 324
8232 2850 1258
2172 831 7116
3687 668 5497
2145 1258 9308
201 3645 506
5817 4613 4690
1081 9872 3822
2944 3907 738
8905 749 6241
3691 1087 7502
3787 6354 7714
2520 656 9875
8335 609 6229
2760 5940 6454
4879 4762 7526
8332 7410 5680
2120 5017 8288
6783 8347 4134
6634 2785 5294
1332 8220 1197
7250 8351 7567
4016 8169 4429
2374 4662 960
4921 8570 2307
4402 2668 6758
16 8077 2236
5170 1602 3386
7980 9047 80
736 8776 7369
1880 5416 9324
1871 3099 2811
4398 9417 5155
1319 8887 1554
7124 5645 9255
803 4129 4038
2263 6443 6211
8488 905 2544
4854 2635 7995
984 4138 6293
5825 4737 8103
935 7331 6676
6370 6478 2077
3836 9454 4578
3644 484 2557
8266 6171 9300
1810 7168 5250
9776 6273 2653
4522 4486 710
3231 463 3290
7538 9167 4789
123 8992 1867
7346 3045 6774
8533 4018 9027
5955 1518 1062
5558 7915 5779
6751 7934 2839
8879 6314 2931
1754 4094 312
752 2130 2977
8080 686 8596
8214 3855 8798
10000 8382 2352
2746 430 7173
8008 9914 1392
2774 8941 510
2530 9543 3578
7386 3879 2067
494 9250 9583
6239 3149 9938
8048 763 9526
105 5079 4947
5436 9292 6809
8339 6621 2587
1087 9508 8757
9767 3456 3280
801 9328 9869
4156 8237 7854
6233 9209 1886
5284 8968 5547
9089 1994 6154
8501 9522 6791
3802 816 6206
5127 2622 8583
7409 3163 5765
863 7638 4307
6340 3373 177
9994 4050 4157
1646 201 3767
91 6416 259
1530 8428 9836
3225 8428 2439
902 7204 3774
6740 9460 3006
8518 2195 7973
6792 8349 7831
9291 3587 5722
1924 6451 1549
8084 6556 7815
2460 3528 4751
5302 2665 6000
2764 8690 3567
6871 5712 6449
3822 8479 6617
255 7503 1657
447 3907 580
2946 5129 6678
3070 1291 1710
5191 7474 545
7702 5089 9412
5918 581 8012
8124 8344 3105
9473 6531 2746
4779 8507 1272
3720 4967 9663
1599 4588 7443
1570 1638 1545
6448 6256 7277
1137 252 1725
9936 140 7310
2455 2695 5958
711 8199 1622
9695 863 3578
9470 1461 9101
9309 8076 4942
169 3700 7049
1961 7073 8252
1033 3600 3696
9864 9606 8658
9522 1855 6367
7965 7606 6941
5721 3108 9867
5695 337 919
3521 9352 6199
