345 1712
3615 48 56
6930 7 89
9281 78 98
8725 20 67
4631 68 100
761 7 8
1195 35 26
2334 43 47
3589 3 17
9083 36 21
6969 42 48
9400 15 61
7425 11 53
9530 20 56
1867 61 70
7534 57 20
3780 49 77
2649 88 92
5910 88 32
4974 10 28
6015 40 80
8863 89 94
7954 84 20
3720 47 78
3923 83 89
3993 45 25
494 6 84
9075 7 36
8312 89 63
5398 51 34
9289 34 69
4010 44 46
5304 12 56
8043 81 27
3192 40 44
4617 54 66
6755 80 17
5295 50 75
2085 28 49
8867 86 18
5227 20 43
9182 26 94
5276 69 7
5181 69 78
9255 60 90
3912 71 51
6846 5 88
2914 91 70
1714 87 72
81 82 76
1312 54 31
6703 55 99
6779 35 4
2001 7 42
4154 78 11
7622 84 39
4388 37 61
3699 62 68
2187 59 59
6606 30 60
1766 7 71
7784 72 75
2562 6 35
3743 19 96
1930 30 46
2339 17 26
1636 76 28
3352 65 40
7151 97 96
2205 17 93
1211 55 21
8251 87 23
329 43 94
9344 23 23
1779 3 14
3789 71 34
7438 25 80
2734 42 94
6637 53 98
73 2 32
3976 49 32
2921 29 92
8111 95 35
3884 27 29
2552 68 86
9050 72 86
2368 89 24
312 67 61
1919 64 15
5325 31 75
6925 100 20
7843 37 88
1877 14 87
3873 72 20
1928 11 2
2087 85 45
4613 74 5
4107 49 43
7766 75 64
7762 78 37
9645 76 16
9890 79 98
6095 70 90
4822 83 76
2608 60 38
2913 68 75
7824 40 63
5528 59 17
7590 81 36
618 56 56
6299 5 86
355 88 24
936 82 14
1888 0 47
7027 48 64
3892 59 90
838 96 28
9547 98 45
2242 51 94
3149 17 69
3572 91 41
7734 55 65
981 59 69
3748 93 50
4662 40 21
9681 84 91
2188 22 6
915 87 41
986 55 65
8609 37 79
9981 18 14
3848 4 38
1532 50 30
3854 72 23
1328 70 29
7236 25 12
1969 21 68
9778 19 47
291 21 6
7982 26 84
6895 94 44
3630 52 65
1269 75 42
5552 71 68
1601 85 32
1447 52 33
4188 73 47
7159 12 86
678 60 76
5394 18 11
9186 25 73
4357 2 93
9057 12 70
94 8 74
450 29 100
7296 76 12
2232 56 77
9897 27 42
7005 2 23
4962 91 81
6103 56 59
7735 25 19
7657 53 13
3625 33 74
5133 58 76
5857 26 90
2974 80 41
4454 44 23
2203 38 83
1426 26 73
6410 69 29
432 20 29
8890 30 10
3530 53 62
8269 16 89
4288 26 55
4596 13 12
3756 42 58
539 54 46
5221 16 62
2599 18 98
5745 17 96
3647 68 77
480 8 20
8904 98 55
9973 94 94
4756 78 68
4839 71 38
1452 13 1
9160 70 37
8107 3 62
9972 82 64
6974 54 97
7901 54 54
2667 73 2
7669 10 45
5086 67 52
2332 3 33
6858 4 26
4843 27 30
9998 92 79
305 82 39
8407 7 94
5293 48 26
262 0 30
4524 85 74
2258 29 24
7940 17 14
5695 87 98
6225 68 79
991 54 59
3439 79 36
2201 59 20
200 42 61
4473 84 43
2943 91 2
9592 86 42
716 13 21
1227 74 62
8138 63 34
4416 73 31
6878 4 22
6327 99 58
601 62 50
6382 30 41
1585 57 25
5697 48 23
7916 81 19
8737 97 89
3998 33 44
9891 29 88
7635 9 40
6619 81 28
5503 25 84
409 86 84
1653 22 54
6675 57 62
5686 76 41
3492 41 13
5451 83 95
4004 11 84
6341 29 59
7961 41 66
4100 100 82
4237 67 8
3205 84 97
9216 51 58
7697 4 55
4609 53 6
2850 86 60
9736 26 32
5783 55 38
2694 97 74
5355 15 27
80 67 15
2162 66 63
8408 31 67
4629 53 54
9885 90 10
2958 95 41
9861 39 52
4919 15 25
5193 85 96
5599 36 61
6177 55 42
2573 26 73
1392 7 43
968 79 74
3521 80 32
9671 58 43
8579 66 86
7702 42 32
9298 21 76
5896 35 78
3271 7 25
9780 60 68
5714 19 77
7066 8 60
5637 14 34
5766 12 48
6691 12 3
983 19 42
1658 74 24
1232 42 93
7501 46 42
5456 19 63
7414 56 62
5710 38 91
9499 57 49
7160 36 47
4622 76 22
3884 7 18
1019 52 67
6215 20 14
2844 24 77
6317 34 57
1024 33 74
73 18 24
2972 32 95
535 96 13
353 11 59
5071 95 73
6944 1 42
6595 92 56
9193 63 89
1435 63 69
1371 77 18
9327 3 48
5176 41 43
1398 53 62
9543 58 7
4974 25 28
2319 31 17
6636 31 35
3521 7 45
677 75 32
6421 76 52
5756 93 10
1977 38 22
3949 88 39
7575 65 89
9738 54 83
2229 82 60
3157 24 14
9361 9 92
3295 84 38
6381 34 99
9231 54 81
9000 89 35
7461 11 27
526 21 57
3969 83 7
7650 88 55
4526 26 82
3722 33 78
1924 92 24
8474 63 28
9645 45 18
8324 30 28
5606 47 100
8991 93 71
7705 98 52
4710 79 66
2458 97 47
9972 88 41
