10
5
8
3640 2337
5128 1817
5228 1863
5188 2765
5034 3655
4384 3715
3802 3251
3682 2579
7
2343 5705
799 5745
579 4193
1179 3837
1513 3787
2221 3991
2331 4137
7
5734 6064
6136 5810
7396 5930
7588 6328
7534 7074
6512 7708
5726 7376
8
9256 2017
8606 2473
8032 2291
7374 1869
7328 1605
7462 1123
8056 1063
8952 1239
9
7596 3368
7692 2508
7890 2516
9122 2796
9290 3592
9304 4074
8740 4160
7768 4190
7568 4190
5
12
1897 3574
1205 3408
1131 2950
1137 2692
1221 2400
1345 2144
1615 1926
1749 1940
2843 2432
2961 2986
2633 3574
2221 3646
13
6808 8320
7176 8294
7822 8586
8102 8762
8192 8880
8154 9484
7890 9878
7464 9930
6544 9742
6448 9670
6314 9308
6314 9082
6606 8414
11
1414 6964
1180 6470
1148 6064
1300 5696
1996 5438
2516 5652
2902 5986
2806 6744
2736 6926
2454 7218
2026 7186
13
8176 1905
8288 1661
8806 1165
8890 1091
9292 1153
9756 1305
9999 1961
9976 2113
9594 2729
9322 2881
8842 2823
8478 2567
8332 2409
10
9914 5863
9080 6419
8232 5977
8096 5339
8476 4663
8606 4581
9176 4549
9536 4705
9708 4789
9999 5533
5
16
6887 9884
6615 9562
6417 9140
6519 8432
6569 8292
6785 8178
7007 8154
7411 8118
7477 8114
7691 8134
7991 8988
7995 9226
7739 9792
7587 9926
7473 9960
7131 9999
15
2645 1916
2673 1958
2897 2334
3155 2768
3159 2870
3147 2912
2891 3296
2141 3696
1925 3580
1345 3162
1309 2796
1363 2658
1561 2214
1627 2068
1899 1828
9
8893 2150
8513 2724
8145 2876
7321 2506
7255 1730
7799 1106
8425 1032
8787 1344
8937 1598
13
4305 2720
4681 2578
4967 2520
5531 2782
5775 3674
5701 4006
5539 4164
4949 4260
4483 4164
4331 4004
4035 3662
3965 3520
3993 3328
12
7778 4294
7554 4726
6968 4930
6616 4988
6494 4910
6022 4608
5956 3700
5970 3672
6270 3356
6686 3104
7388 3256
7630 3792
10
9
8796 9930
8278 8910
8814 8470
9332 8222
9730 8550
9999 9278
9996 9344
9884 9516
8858 9999
6
3194 9096
3328 8470
4242 8224
4560 8736
4652 9442
4232 9999
8
2950 8957
2390 9973
1664 9845
1032 8811
1218 8471
1486 8349
1874 8191
2906 8841
7
7568 5820
8320 5362
9272 5992
9306 6092
9052 6794
8232 7276
7638 6810
7
6277 6963
5833 7303
5497 6249
5525 6043
5809 5463
6673 6037
6563 6627
7
1287 2751
1105 2573
1341 1995
2205 1791
2679 2017
2411 3223
2079 3431
6
5713 5435
5143 6279
4675 6191
3877 5453
4391 4821
5079 4769
9
2890 5031
2452 4755
2666 4101
2736 4063
3174 3885
3904 4303
4036 4787
3900 5271
3398 5219
9
6981 3014
6797 2328
6933 1936
7309 1302
7683 1386
8033 2166
8287 2820
7977 2984
7049 3032
9
5773 2742
5007 3488
4841 3620
4219 3160
4263 2758
4397 2076
5511 1898
5863 2420
5893 2540
10
8
1388 9670
1236 8898
1716 8216
1934 8092
2750 9028
2436 9502
1820 9920
1672 9999
9
8513 6107
7759 6457
7589 6439
7185 6283
6907 5925
7221 4793
7987 4851
8543 5355
8673 5837
7
9864 1907
9999 2491
8986 2579
8560 2561
8556 2123
8680 1549
9690 1677
8
8980 3601
9480 3629
9999 3717
9412 4911
8806 5103
8748 4951
8518 4319
8580 4145
9
1263 1848
1347 1910
1779 2860
1661 3160
1037 3444
767 3542
287 3162
385 2084
883 1768
8
7660 8860
8248 8212
8910 8586
9336 9184
9160 9586
9006 9878
8552 9999
7776 9920
7
3018 9678
2964 8828
3020 8406
3218 8216
4314 8734
4196 9118
3606 9999
6
5597 5767
6463 6135
6789 6507
6515 7103
5943 7479
5281 6679
8
5722 8840
6472 8388
6560 8402
6990 8904
6244 9958
5650 9999
5586 9700
5568 9498
6
4447 2470
4281 2946
3659 3562
3077 3322
2671 2366
3003 1808
10
9
6669 9904
6129 9302
6309 9066
6975 8380
7647 8476
7881 9058
7835 9714
7449 9999
6949 9988
10
4246 8445
4466 8157
4794 8135
5528 8105
5722 8331
5858 8605
5700 9309
4678 9539
4504 9133
4374 8825
8
2885 2296
3167 2578
3425 3052
2733 3816
2007 3614
1501 2916
1931 2326
2799 2232
7
4765 1954
5497 2004
5507 2012
5951 3218
5265 3634
4507 3516
4237 2722
11
1814 8400
2086 8636
1968 9480
1662 9999
1010 9798
694 9668
498 9316
522 9096
634 8494
814 8340
1264 8190
9
8198 3854
8142 3388
8300 3150
8844 2524
9252 2626
9392 2750
9999 3542
9726 4022
8832 4098
11
6016 2804
6190 2508
6302 2428
6810 2108
7260 2150
7842 3058
7706 3264
7366 3766
7084 4016
6744 3970
6112 3612
8
2315 4270
2999 3742
4075 4050
4151 4598
3805 5244
3265 5534
3001 5546
2557 5186
8
7644 2159
7764 959
7916 689
8688 751
9176 1161
9122 1949
8866 2271
8572 2479
12
2625 8248
3055 8194
3319 8200
3809 8330
4065 8624
4057 8778
3963 9222
3465 9942
3317 9976
3179 9999
2461 9612
2443 8658
15
8
7334 8552
7116 7574
7616 7070
8088 7100
8696 7412
8730 8106
8366 8730
8328 8748
11
6317 5789
6493 5457
6753 5261
7109 5043
7515 5177
8209 5659
7947 6571
7737 6713
7191 6835
6851 6695
6403 6073
11
9906 5818
9999 6260
9902 6540
9694 6996
8920 7012
8322 6514
8244 6422
8598 5530
8954 5362
9102 5322
9620 5560
12
5302 3283
5438 3069
5562 2955
6032 2921
6526 3053
6896 3579
6894 3929
6664 4109
6010 4563
5840 4509
5474 4243
5160 3895
12
1556 9098
1620 8794
1692 8520
2112 8320
2722 8226
2784 8220
3236 8646
3266 9088
3042 9598
2426 9999
2310 9994
2102 9832
9
5927 9894
5741 9202
5929 8786
6509 8356
7137 8578
7421 8814
7249 9868
7045 9984
6541 9999
9
8692 3421
8934 3789
8548 4667
7742 4829
7448 4731
7118 4401
7410 3451
8130 3051
8386 3085
10
9582 8500
9800 8774
9999 9300
9840 9630
9422 9850
8772 9999
8158 9246
8328 8998
9170 8238
9388 8270
10
6416 764
6824 1840
6710 2316
6668 2344
6598 2378
6282 2452
5520 2480
5192 2180
5170 1442
5174 1076
10
5732 8116
5432 8248
4630 7730
4546 7588
4430 7080
4406 6974
4746 6576
5428 6330
6010 6678
6216 7550
10
2988 1566
2800 1214
3254 592
3362 526
3704 498
4092 532
4452 832
4418 1362
3896 2052
3506 2188
11
1596 6586
2012 6404
2370 6652
2518 7180
2290 7958
2258 8042
1766 8008
1412 7974
1298 7934
710 7406
792 7070
9
8817 1788
8169 2062
7673 2026
7375 1614
7157 744
7481 608
8109 390
8413 396
8969 1490
10
2203 603
2349 1391
2311 1591
2269 1701
2021 2155
1697 2117
1205 1777
819 1447
637 959
1463 433
10
4938 9877
4214 9845
3946 9811
3544 9169
4060 8459
4434 8207
4780 8203
5210 8529
5240 8655
5326 9401
15
9
6825 4731
5889 3855
6287 3299
6579 2957
7081 3115
7253 3219
7597 3587
7695 4115
7627 4211
9
3666 3060
3932 2578
4258 2148
4910 2170
5416 3170
5282 3514
4684 3870
3970 3708
3746 3630
12
7525 1337
7429 605
7531 393
7561 373
8099 203
8425 161
8851 371
9241 921
9169 1447
8291 1797
7973 1803
7639 1621
11
6704 6424
7004 6480
7374 6594
7736 7094
7646 7420
7476 7966
7216 8134
6718 7984
5900 7638
5938 7090
5984 6854
8
9134 9999
8476 9632
8108 9028
8642 8380
9720 8472
9890 8630
9999 8822
9820 9518
8
2926 442
3630 498
3932 732
4176 1258
3848 2044
3156 2062
2556 2046
2294 1140
11
5467 7241
4793 7103
4461 7005
4317 6875
4287 6787
4189 6371
4517 5891
5531 5649
6001 6063
6063 6191
6129 6341
9
8154 7100
8396 6666
9118 6440
9866 6912
9999 7204
9966 7564
9820 7942
9318 8136
8792 8080
11
5667 9528
5401 9296
5431 8862
5817 8336
6091 8202
6751 8340
7219 9058
7279 9222
6881 9926
6665 9999
6587 9988
12
8676 2204
8942 2108
9318 2040
9904 2334
9932 2502
9976 2832
9999 3038
9902 3496
9520 3688
9020 3862
8284 3158
8260 2880
7
5065 8608
5067 8696
4701 9604
4375 9999
3605 9696
3459 9110
3635 8548
11
2283 3087
2587 3069
3169 3217
3563 3363
3619 4117
3597 4289
3479 4575
2973 4757
2715 4739
2065 4177
2111 3369
8
2197 7583
1787 7393
1513 6911
1587 6201
2653 5813
2717 5839
2917 5943
3191 7135
8
3043 9502
2345 9999
1719 9858
1513 8968
1577 8466
2051 8266
2529 8254
3301 9048
12
8563 5580
8579 5672
8355 6014
8061 6138
7487 6246
7191 5668
7155 5004
7297 4656
7433 4628
8257 4568
8365 4596
8469 5104
15
9
2448 9674
2110 8606
2668 8266
3052 8390
3460 8546
3518 9092
3054 9924
2626 9999
2590 9944
9
4472 2270
5138 1662
6144 2278
6102 3034
4958 3528
4616 3330
4348 3058
4284 2720
4404 2416
9
3308 2696
3650 3176
3462 3886
2900 3992
2392 4048
1778 3730
1732 3078
2552 2392
2966 2426
9
6796 3648
6726 2486
7552 2470
7712 2468
8044 2648
8306 3250
8208 3780
7768 4110
6980 3982
8
937 6116
1499 5542
1671 5446
2459 5716
2717 6114
2155 7062
1925 7160
1031 6694
9
9999 4535
9896 5243
9350 5393
8710 5479
8494 5093
8410 4305
9178 3721
9398 3723
9914 4171
11
4256 6762
4954 6402
5252 6346
5672 6708
5882 6978
5966 7202
6002 7530
5638 8060
5032 8212
4200 7522
4180 7388
11
3985 5099
3747 5413
3427 5719
3339 5727
3065 5703
2633 5659
2113 4663
2251 4277
2799 4091
3363 4083
3989 4891
11
9940 8874
9344 9124
9128 9086
8374 8656
8144 8238
8194 8006
8438 7764
9070 7592
9382 7548
9748 7738
9999 8172
12
9406 7267
9072 7411
8664 7475
8234 7087
8178 6851
8346 6205
9112 5733
9248 5665
9988 6499
9999 6809
9928 6911
9648 7131
11
5528 6241
5156 5767
5146 5739
5828 4633
6236 4669
6560 4795
6796 5203
6934 5599
6404 6157
6356 6185
5830 6401
10
8244 2739
8446 2243
8980 2031
9454 2001
9842 2343
9999 2557
9972 3273
9576 3419
8978 3589
8436 3257
7
8723 615
8795 1271
8821 1871
7289 1781
7225 861
7371 685
7993 371
9
1498 8270
1592 8264
1838 8342
2118 8954
1954 9572
1790 9922
826 9766
270 9370
904 8416
10
3214 496
4040 298
4270 628
4378 1712
3876 1958
3262 1924
3068 1812
2832 1632
2776 1216
2832 844
15
14
6527 2219
6475 1499
6471 1187
6633 1063
7117 849
7689 809
8021 1057
8067 1133
8071 1479
7877 2127
7761 2275
7455 2495
6983 2563
6641 2313
13
9278 7886
9934 8396
9999 8808
9802 9446
9362 9606
8854 9740
8414 9462
8320 9346
8202 8968
8246 8578
8338 8300
8822 8008
9184 7828
11
2230 9346
2136 9606
1702 9999
884 9968
364 9576
306 9276
308 9240
432 8848
864 8310
1622 8332
1802 8538
14
6416 3871
6808 3929
7042 3975
7654 4367
7664 4605
7640 4805
7514 5445
6908 5701
6340 5637
6290 5605
6114 5445
5800 4801
5874 4387
6362 3885
10
4384 2991
4926 2817
5376 2679
5720 2827
6072 3899
5860 4241
5744 4365
4584 4433
4174 3813
4220 3471
15
3242 2536
2938 1630
3508 1202
4028 1140
4112 1152
4240 1216
4438 1384
4446 1394
4718 2386
4570 2598
4396 2798
4068 2934
3838 2980
3706 2994
3324 2678
14
8740 5433
8416 5259
8330 5159
8204 5011
8160 4813
8154 4255
8332 3937
9284 3721
9694 3915
9808 4105
9999 4577
9688 5111
9498 5375
9046 5479
12
2806 5634
2446 5708
1858 5268
1668 4830
1826 4302
1884 4142
2082 4016
2558 3792
2662 3788
3100 4004
3536 4430
3316 5344
14
4326 9482
4176 9882
3214 9999
3072 9894
2870 9654
2616 9056
2804 8580
2906 8476
2984 8446
3830 8478
3902 8500
4242 8656
4350 8710
4460 9004
11
9792 6166
9999 6488
9752 7100
9390 7322
8728 7434
8144 6946
8040 6662
8154 6216
8578 6004
8888 5942
9288 6008
11
8736 223
9052 121
9632 287
9706 319
9784 437
9999 1643
9698 1939
9240 2045
8420 1711
8230 1051
8364 719
13
343 2709
613 2063
891 1805
1269 1779
1653 1875
1845 1999
2123 2561
2157 2687
2139 2947
1859 3395
1413 3667
959 3565
377 3229
10
877 7131
1025 6917
1751 6261
2401 6391
2705 7119
2759 7283
2765 7545
2315 8073
1747 8183
1005 7469
10
3344 5905
3404 5529
3850 5245
4238 5269
4782 5701
5056 6053
4820 6615
4592 6957
3762 6993
3374 6719
9
4516 8902
4588 8182
4694 7952
5018 7750
5940 7782
6386 8628
6346 8810
6178 9228
5392 9522
