2000 1951
9386 4001 8173
3606 8308 2196
4189 6712 9855
7951 2600 3023
3423 1207 3401
1848 2809 431
8450 1967 7868
8776 1800 6108
850 1661 8464
741 32 3370
2075 5755 8105
2141 1415 3838
844 5237 1195
259 1813 2389
1757 6680 7290
2331 5303 7505
2285 6442 9829
9704 9367 3814
1441 3412 6964
1573 5284 4837
728 5280 593
3473 9490 6040
2371 8602 6580
5919 7933 2846
7076 1557 3730
2606 740 2392
3589 9703 151
3877 4525 3492
8732 1029 6211
2209 7062 3624
6443 6096 9698
7315 9204 6930
9837 1147 4047
7924 7239 5871
3599 2766 4858
2748 7940 57
9532 5575 8727
7027 2471 2549
1709 1431 3210
3797 2046 7116
7999 6648 6817
1644 9176 6457
2998 9111 4050
2873 5660 9540
9169 2260 7878
6276 5403 3357
9535 5410 676
965 2015 4491
4961 7003 17
3186 9582 742
7360 979 1032
6747 9289 2851
3906 8800 4549
8772 9861 2303
9624 5106 2279
17 4913 8654
2811 7715 1286
1527 6881 5669
9526 4928 5585
9026 3988 9734
9782 938 8380
3298 6370 9194
8288 7049 4937
4458 9038 6868
2450 2998 53
442 7078 7877
3901 956 1926
3916 5191 843
850 3417 7026
8429 8587 4462
9692 5078 3842
5581 307 6092
4782 5578 8952
1209 6227 3988
1934 2140 7469
9464 2965 3361
1040 5414 6062
5443 2164 89
3686 715 5736
3466 6538 9301
2567 9887 3795
5076 2797 2962
2750 8029 4508
9861 2891 2136
7013 6902 2471
5493 4264 8330
2194 7192 2723
3407 7809 3502
3074 664 2399
5929 7898 5326
4821 2838 6764
7602 7991 8591
4041 5335 2243
4545 202 1248
9753 1369 5818
7468 1977 2054
9992 388 1650
1175 9072 7142
3305 8431 6307
1215 161 4547
7266 5856 2683
1078 280 9866
2289 1460 6419
9376 4844 9339
2542 525 4611
3246 1101 5130
5763 9637 2552
2746 2160 7286
3192 8077 5012
8563 9572 3512
5442 3865 3750
1385 4459 6062
6525 3485 6938
6716 6759 7529
5128 6655 3474
4402 4189 8533
8449 686 8870
1734 5465 7047
1186 7747 4777
3640 3140 9533
5659 8441 6397
1473 9130 8561
6640 1398 3848
3078 830 3359
2165 141 2087
3312 9327 5608
360 8732 8340
1546 4475 3414
8511 6499 3651
5483 4200 5714
4146 8742 2850
645 4289 4915
5611 8947 1568
8814 2560 8122
620 7222 3885
7742 5477 4938
3984 6361 1332
2042 639 7515
5125 9955 9653
6607 8390 850
9993 8585 7126
1649 6995 762
5636 3622 1852
597 2270 6054
3381 2982 1158
5052 9503 8619
8448 6920 2057
1842 3492 8760
39 5927 4306
342 4095 5592
2135 9374 2680
7212 2302 5099
5477 998 832
8960 5486 5152
2105 8224 8134
4397 2788 4230
7451 9698 4969
6542 2408 4708
6844 5201 1799
1330 1288 3222
6055 8660 9626
8054 7120 2122
4025 9938 9954
879 1962 6107
9933 3186 3955
1526 7277 7612
8587 7022 2257
1624 5760 8440
4067 547 7098
7549 3909 5816
4533 5345 1747
7079 7149 3829
2803 4637 2503
1231 8199 8671
8586 3659 1980
5819 1335 5790
3278 349 3527
739 2340 1992
8901 6548 8482
549 1890 9443
5029 4983 7259
5510 5124 3165
4337 5294 384
9995 2926 8728
4160 6756 7032
3991 8333 2682
3568 7523 4885
5223 8551 3061
6314 6562 2904
8795 2151 5987
8566 4974 6547
6423 730 6341
6577 3241 5013
1609 8175 3437
7196 5333 7443
4748 5509 1737
7928 6193 8083
6925 4841 5330
6336 3122 6781
3917 8497 2165
6662 709 4037
935 2648 5680
2290 4304 9459
2595 7650 3087
1847 1152 4420
4475 3642 2856
566 6220 5045
9293 8063 8709
168 5969 1309
8641 7061 2801
5527 6000 140
9212 3140 3349
5549 7465 9778
5972 3255 5396
528 3266 7121
1685 9465 9013
3789 4513 8454
5829 4271 4848
4675 859 7621
1540 4762 6731
7634 2499 5668
808 190 5526
5764 6946 9577
5798 1969 6404
6284 8098 1463
8003 8205 1387
3085 6850 5589
3036 9066 9439
3165 4559 2592
20 9446 8139
3066 8768 5395
4381 7598 4737
220 2556 9685
7273 1101 6803
6860 7084 2291
9602 7340 9377
9124 5658 5438
1975 8408 2628
6440 5311 8183
2810 4835 3435
6276 3830 7385
8727 23 7141
3526 7190 8087
5829 2999 4143
1214 2124 1318
7218 7361 5935
5333 8744 892
8731 5270 5153
3035 8697 7369
4443 7483 689
7332 924 1830
3413 893 6056
2356 6049 3885
8275 1035 2011
712 9037 488
7696 4666 242
8568 8610 8413
5924 8327 8821
5707 3558 6440
2272 7865 6332
250 7779 6507
9145 7714 2952
9609 9471 1715
8696 9043 6108
1266 5517 1131
8290 3727 5601
9443 6333 2261
4644 3033 8186
6714 440 6070
5907 1096 563
3470 128 1859
9426 4951 2304
6848 2272 5434
3107 7701 6564
83 8581 563
4323 5887 9728
5161 7690 6199
5152 2427 4653
8271 2345 1248
9516 4016 2428
282 2953 5042
6055 6168 1724
1074 2907 7832
633 10 9629
622 7517 8515
3726 359 3828
3729 8095 7936
1558 9848 9534
7029 3012 3288
9340 6566 4538
8614 2455 1277
5318 7394 1201
2513 9429 4578
8478 3615 3351
3230 1140 3307
2351 1057 567
138 7112 134
6098 7195 219
408 2213 2488
2762 8979 9162
3001 16 3643
9133 6684 6134
4394 1029 2968
6501 9998 9429
4958 4398 9072
4311 3815 3886
7453 4523 528
7763 784 9639
4348 6863 757
2156 7777 3774
9838 6321 5837
1816 9766 3638
2394 8492 6335
251 5608 1940
9821 8981 7804
6960 5633 8585
882 1749 2503
3080 8227 8256
1840 6218 7681
7 7167 2059
7380 1353 9913
6892 8930 2522
4511 3884 8227
9120 50 3148
4130 1940 5431
8322 3536 5370
2535 6650 813
5985 3134 3841
6707 8868 1270
9946 2549 991
2602 1159 9805
6931 5404 8641
8066 1681 9150
7735 2239 8843
4107 4659 9862
8836 2694 3464
510 622 3708
7267 2754 180
7780 598 5183
9798 3056 6151
249 2240 9937
6632 2106 5987
5778 1279 7571
3472 5704 1664
7516 3820 9810
1670 8026 9046
1062 5449 2225
314 5550 7420
4799 2647 8872
4194 2035 6575
3908 3070 3980
7316 5495 2870
5940 5888 9183
8931 8557 5077
5941 2840 1019
9677 4687 1551
8155 9838 6586
3365 7313 7280
6006 7891 6808
8670 1535 3466
781 9595 4939
3752 9706 4175
3001 4161 9362
8143 1209 3760
9172 7318 5501
2192 4556 1524
8097 2945 9437
8126 9993 9675
4158 1986 7948
1125 4905 2021
5449 9855 5887
2925 1284 4845
9359 2252 314
6835 5283 1755
7436 3010 9891
7459 9796 7721
526 8592 4954
2328 5368 7492
7947 7578 615
7080 9189 6790
5622 5986 6342
395 4945 1570
5997 4389 1632
4715 7639 9265
4165 782 8891
4801 1255 7947
1608 7011 9347
3902 8561 6121
1262 3286 3753
8712 8120 5050
9275 518 8828
7110 1449 435
456 4299 5046
398 3518 2443
9861 6010 3401
2766 981 4902
8927 321 6602
9209 8537 4769
413 1273 1405
1299 2219 3582
32 1576 3586
9295 2175 17
4266 6211 48
1767 7794 4299
5167 7420 7152
5341 4125 4902
5019 4947 3868
8721 6229 5217
626 8270 8327
3906 8687 8061
6494 8510 5887
9785 6145 8183
5318 1720 7777
8547 9855 280
8715 4477 7965
8942 8933 1355
9783 1083 2843
1575 3690 5405
2776 3105 8653
6034 308 5450
6874 13 6710
3738 8154 7046
9252 2200 9737
58 8302 2186
9205 381 2342
9308 4921 4801
9023 1249 8753
1201 4082 7843
1507 4490 7716
7792 5709 544
6206 4458 6679
2484 4247 9423
6083 2087 8718
8512 9187 1000
5817 4031 1346
7749 1480 4704
2520 5407 7635
2422 1153 6612
2463 6261 6638
5114 6605 232
104 8810 9210
5011 1202 9441
8575 1121 6776
7709 2212 2192
1791 9854 7882
5754 4205 5633
1166 4455 8052
1788 6978 7092
5723 3465 4145
67 6833 3962
9414 1667 7176
633 8375 8483
7647 6629 3152
5499 9155 5782
2163 2918 8944
425 6316 9729
931 7459 4475
3248 833 1603
4662 3036 7563
5558 1621 6807
2785 1448 1068
9815 2485 6035
4772 7911 6698
319 165 9568
5783 6783 3070
1224 6419 827
4422 4923 8886
8389 163 9628
9241 347 6916
9087 1380 2197
920 8182 2889
2958 673 991
8350 3376 546
2587 7523 592
2556 1545 9282
4340 3623 9600
7585 4013 1856
5760 9596 2221
2007 6229 2995
3573 5797 1036
9952 349 4508
1175 1899 8050
4497 4628 8772
2563 8878 291
6510 8483 8407
5083 166 5945
9767 2376 8256
4643 8909 9608
1170 7625 6421
8012 48 9648
9162 5258 8117
7199 9670 5891
6759 9726 9680
8317 2713 297
4463 8058 679
7286 3090 9664
4221 4515 1988
9192 1521 6329
4479 2287 3835
969 2956 4447
9509 9164 1282
5511 2211 394
3527 2977 2302
1838 2168 2853
966 255 5903
2074 2606 6859
1095 8172 7421
367 9215 4871
7148 6578 1139
7318 8027 9357
2661 5536 5612
3322 6434 3476
5430 597 4765
9410 6408 9350
2777 4789 9762
7104 9646 2682
4230 6541 4348
5546 4868 656
5280 4674 7865
9960 9913 9229
9235 4712 69
8591 1892 5929
4619 5256 1041
2844 2459 678
5192 1183 9650
963 8169 7474
6336 5992 3100
1016 6960 4463
8515 2821 9407
3774 9772 8210
902 2381 1601
3776 9977 8186
6873 7976 2093
1870 6416 5490
4651 2102 1771
9529 449 298
3695 7716 5841
9713 6132 7937
7663 8194 7017
7005 3279 4582
481 2178 3348
9035 453 7744
7224 8401 5806
1482 5928 6715
5005 9425 6274
7413 2806 1605
830 4816 7361
1217 9788 5432
103 5986 6621
1033 1333 4425
3198 2666 7980
1305 2296 498
2468 5824 5114
5833 3812 6044
474 712 3278
7851 594 3920
2641 5553 3105
9655 882 5422
7909 3195 5227
4502 3599 878
7355 3833 1215
7436 3711 9814
7866 8742 1113
9035 4770 6844
5671 9592 9157
5332 8539 3709
6628 8196 338
8911 4216 6302
8090 6714 3497
191 7770 8914
1956 1642 3959
4446 1155 8140
3039 63 2946
8767 1502 9462
7632 6390 1738
8005 7460 8577
7926 3709 8797
8606 2280 4991
6305 6219 2001
1269 685 8046
1073 2221 5101
2071 6671 6118
9474 422 4439
6773 5358 5078
8311 8063 7092
6186 4402 5979
2374 5874 1805
3886 9047 5473
2371 2450 3133
2955 325 8734
1744 6105 227
7582 1459 5484
2165 5620 3717
7890 2739 5222
1883 4312 7473
7320 7903 69
4270 2954 4747
2730 1698 2844
6626 8318 3651
4177 1724 7106
789 8833 4789
4004 4485 4126
7031 3305 8070
4067 2684 1849
6054 1327 7052
5155 8360 4863
942 5327 3902
8251 1916 3222
9680 1572 4957
7455 5169 8852
5472 7891 9202
6812 5611 7547
9652 9422 5929
308 547 6966
8011 3332 9356
6700 2193 1609
8219 8707 2804
8163 7541 7605
5311 5320 8364
1588 9024 4122
9151 3999 2199
9678 945 1201
6177 5953 4884
2658 6755 9833
79 254 6783
6558 4834 1473
361 1474 1579
7865 3756 2918
6254 9854 6366
5999 9301 7086
6838 5195 3548
7662 7743 4612
3298 1598 1351
6416 5703 2982
3047 2903 8038
7066 8161 4413
583 7266 7557
1541 7998 1948
2673 5750 4204
1533 3263 6891
4907 8964 3971
6903 848 7764
3742 6936 4261
4999 2446 8271
7585 1412 3234
6049 3018 8874
377 9165 1659
1118 7784 1308
7505 8999 8824
1475 1864 7706
5765 312 3901
2637 8903 7722
7140 8378 6318
993 9301 2551
8406 6239 9119
7858 2509 3141
587 2642 9679
2658 3652 4279
2709 4894 3782
9645 532 301
5095 2592 6350
2867 7091 5491
6143 5669 1935
4646 4005 5687
3504 250 3807
8116 9057 8489
4724 4270 3064
4965 3867 1048
6928 867 7514
7975 8400 9132
5625 200 7411
6137 3153 7807
7991 7989 3357
5479 9796 8384
6808 2360 5417
516 2792 6218
1367 1007 3417
5325 3304 8177
6845 735 8050
4044 5549 2813
7431 694 6450
8554 2386 7467
1801 8173 2159
7882 269 6705
7331 1149 6802
1522 2020 2209
6113 1540 8850
1180 2647 1041
9656 5371 4021
4957 8403 1688
9774 5679 7635
6228 5910 1916
554 5492 7291
6438 9136 7179
93 2397 9867
5401 9264 3832
5647 3160 827
9774 2008 6535
142 2941 1515
5779 1607 2315
9843 6209 1437
6953 1826 367
8310 8996 420
113 690 3522
5765 1241 9085
3965 577 7063
3663 168 6958
5189 1794 8380
8711 2181 8285
1576 7910 4538
7366 4126 6355
1653 3756 8270
8895 9474 8785
6873 5176 3431
5562 3375 9859
441 5322 1599
6858 7127 4643
403 6959 7709
1297 1933 5311
242 6890 3483
1302 1188 3711
9439 1048 7829
4196 3216 3889
5711 8345 4594
5430 3811 1574
9465 9443 1607
3312 6974 2049
5431 5498 4472
6368 6217 5597
2784 1400 2161
7205 9266 1407
9573 7691 885
320 5385 7037
8601 7736 2837
3161 7079 7165
5813 6153 8020
9396 9653 6386
1115 5341 4473
1460 7562 4916
8121 6263 2278
6831 7780 6286
2114 4721 6024
6052 4672 8813
7593 657 2574
953 695 3334
3774 4037 5326
3576 1243 3063
7261 59 5237
2331 2593 3250
579 2320 5693
4646 966 8918
7139 4393 8693
2470 5593 7295
6153 6074 7309
1144 647 6192
3325 5999 9872
7307 5750 8606
2363 5806 853
7945 1727 575
1121 24 5768
9762 1570 8180
8202 3957 6485
4810 1324 2244
7513 6849 4326
2213 2439 7882
7849 4310 9999
2705 270 8080
9939 5021 6566
9044 5697 7421
6176 2312 6263
1014 1608 3483
6593 2775 2519
1937 7689 5869
7420 9782 5336
3319 6002 4704
1368 4498 8958
771 2709 4816
4267 1492 8576
7539 4348 6605
387 1059 2242
2981 4098 6286
66 6084 7969
6497 9201 2853
847 6266 191
7366 4060 2836
3818 6042 7280
7512 5079 8144
7534 6953 9797
9017 8326 7811
7148 8790 6055
5574 5000 7879
8294 9531 3287
4277 6125 6224
6746 7010 1845
6508 3478 9354
1585 750 2751
8692 4152 2356
4664 8805 1755
4366 4159 9405
8957 7839 4375
7973 1552 2156
6973 2422 9504
8374 8471 8036
6524 4931 7856
3132 43 4057
5124 9236 2668
4079 5334 1005
8979 1245 5885
1967 5301 2030
3487 9711 1229
4972 7898 9860
5356 8718 6710
9881 6718 9399
2657 105 9975
849 9631 3086
3638 1560 9863
1992 8693 6398
2818 1814 1502
966 1137 5937
674 3283 1313
8705 7555 7141
6877 803 4621
8026 7265 808
3590 2323 3990
6905 3186 258
1458 5086 256
7035 7224 5522
6796 9298 5887
8924 9584 8956
7094 7346 555
1681 1286 6626
7058 6069 2855
4984 1465 6241
2784 2930 4228
4978 5678 4910
1690 4065 2927
3600 4574 8130
5053 4399 7683
7373 4567 5330
8409 5384 5131
6380 6840 9923
4155 8418 742
9810 533 2861
9305 213 4193
1045 1583 7581
2367 5380 7073
3142 9433 4704
6361 6796 3839
4908 8750 1613
2177 7071 5576
2194 1296 1300
666 1224 356
8322 7877 5061
6540 1631 9301
1666 8634 9859
4994 3921 3683
9743 7109 7561
3169 328 1191
2264 8959 939
5691 2159 7926
8509 1726 7089
516 7395 7855
5784 9679 9665
5682 8381 4055
7244 9001 1387
1531 5774 739
2524 2650 5946
7099 949 9574
6734 3435 216
4740 2237 1485
7200 2568 9649
8170 5945 1192
1386 1835 1372
317 261 7866
4581 5734 1846
8729 6583 9860
7067 1979 2641
556 4999 3886
976 5359 9179
8471 2636 230
2912 7824 2802
871 6067 2557
1162 8600 7848
773 7888 7694
1052 1089 8850
5275 2709 5473
7856 4035 2646
4889 2425 6064
5605 9772 4821
9720 4569 7145
1730 6775 8261
2796 4489 9540
3415 9711 4307
2352 8961 533
7397 2524 9368
1966 6022 2485
5489 7703 891
3949 19 4221
8211 6829 774
9343 3712 7716
356 238 4171
6986 4588 426
9672 4050 3705
9062 7347 4964
7561 2593 7723
9079 2966 1466
3397 3471 1553
5100 1270 1486
8186 874 5905
5160 6679 9294
6688 1147 2944
7952 9989 7100
7686 3054 9212
6485 4266 2189
656 4249 3421
8131 7565 1728
2591 855 9356
7593 4739 672
7058 6410 6563
3499 4638 236
6669 5917 6806
2565 2919 5382
1769 5686 1985
2033 6724 9561
3035 6570 6515
1372 1278 7023
7959 8152 1530
2517 8797 4643
6231 4009 9423
839 3518 7091
8311 7749 7924
7479 6595 505
6837 7275 8620
8688 5905 6123
1446 9316 939
5774 7129 640
4842 4857 3055
9657 432 2340
2563 7783 5277
3651 1237 2543
7698 2202 2783
3172 5888 1793
4 3037 1726
6148 3810 6338
317 579 4699
9562 1206 2120
3699 3009 8131
2772 5831 1817
2556 5165 3972
5527 2572 8306
3946 8388 5737
7016 3393 2408
7047 4157 2733
5402 3585 5886
7293 5693 3006
3929 8916 1766
5800 8255 5263
2647 2274 2188
5583 4323 1572
7863 5593 1856
2463 91 1305
5815 8984 5556
921 5662 3779
5074 8380 3654
9550 768 9162
9669 8426 671
5609 503 7270
5857 4181 6635
6332 1688 9112
3841 6567 3786
1470 4040 3707
6333 4574 7831
2596 6251 4587
8719 1295 376
9359 4821 9861
5060 8548 6711
1253 1270 6336
2886 7270 9087
6867 7835 4859
9465 7906 6025
9874 9595 2120
9523 3587 2536
1032 7331 7240
2176 4330 9810
3409 4861 4888
7046 9255 5601
2846 2791 7388
2293 5732 1658
5694 5890 3561
8914 8920 6749
4395 3040 4168
7668 1683 2157
9832 4966 904
879 2144 5312
5688 1827 7283
3440 564 8762
6288 2843 821
4825 4620 1862
6816 2090 5994
8031 8653 389
7919 5757 6134
6209 3384 7515
1926 1290 5081
1642 4676 839
543 5267 6947
7625 9578 9138
3534 6894 677
3711 6744 7403
319 4381 6762
7226 6575 1153
4416 4689 8468
5312 7173 8288
8721 2792 8842
8079 3840 8241
5338 2064 6353
6500 9219 3404
7469 9838 7065
7289 633 1296
781 725 3307
3795 1384 1685
2398 4760 4465
8172 7816 9664
2301 8869 293
2669 8765 7672
2402 5258 1116
5310 6425 6936
6468 7131 9221
8898 8911 8117
5260 7108 5310
5181 5950 9840
7486 3456 407
9464 4073 1103
7012 1682 6890
4632 5270 5767
8300 9499 8537
5466 5677 3198
5891 1482 5497
8802 1065 4303
2082 607 8159
4725 6908 5438
905 263 8505
6645 217 6126
1387 5468 4462
1948 7933 8815
1833 1867 9129
7898 2203 2077
5202 6245 1779
2915 6566 4453
4378 9358 8000
2420 9236 5114
1993 9503 8507
4693 1879 4424
8135 5677 725
3381 6484 3575
7413 6687 6907
96 2314 6675
7165 3615 4102
8325 2930 7866
333 9229 5384
7958 2528 8775
4113 2499 164
928 4529 5614
2880 9261 8525
7917 7739 9751
3433 7607 4083
1110 6222 3647
2606 8131 3914
8141 6194 9420
1568 145 8124
2811 8286 4864
2588 9666 4801
7767 7914 4449
8837 3256 7085
7287 5281 2502
8067 8991 5578
2090 4804 3605
955 4783 1590
2533 6419 8172
9727 9483 5566
8589 6788 7694
7993 6204 7307
4790 9373 4255
514 6410 989
5914 7806 4514
4104 4807 9815
1437 6948 4673
5489 3898 1642
2160 6856 6606
9178 1231 4437
8594 8573 3128
4484 7722 6172
1006 7511 4305
3823 640 2711
4146 3730 335
888 990 7373
1949 3263 1487
8096 3675 257
9771 6219 8066
3214 2259 5997
6852 9075 4673
1767 5230 9101
9539 6932 8707
8171 3333 1485
1603 5221 6066
4211 6883 6086
1664 4097 3226
8440 5592 1302
1691 4040 2194
6438 4215 271
9327 1649 7902
2514 4135 8258
2467 7213 9861
7848 8357 6140
975 9642 3743
4297 4329 9088
8067 6178 9059
8468 9886 4710
404 97 8366
7363 1680 8243
4106 1081 6855
9384 1559 9497
9255 3013 2786
6664 9998 8497
537 6499 8402
8071 308 9255
5715 9675 3635
3253 8027 1574
2840 5283 6391
2344 2574 3092
4952 8485 5008
6363 3559 3312
6414 3057 2414
4471 2558 4394
314 2179 218
9295 4784 9315
5035 7934 5923
1409 225 5861
4144 376 1305
7003 4668 1044
7376 4370 5527
3978 2747 2454
4903 1733 8372
665 8685 3584
1315 3620 1180
4201 4689 4962
3695 1799 8347
3005 3188 2756
7935 3105 9483
3928 2557 3042
8555 657 7983
7146 6411 2517
6159 5326 1984
3751 9659 6994
6275 1155 870
4985 4754 3000
8536 7522 7114
8536 7567 1829
6884 7261 6730
3927 2538 6472
142 2436 1133
1282 1615 7021
732 2457 9753
2790 1122 7829
2140 8894 6962
2704 6469 165
2432 9199 2437
2953 8982 9809
9438 7613 5796
2609 8422 4073
5832 6195 8211
7562 1399 3971
1336 1741 6450
360 1215 5674
8128 9415 1965
6838 3091 4391
6383 524 9362
7403 6076 1677
6407 1412 3666
9262 4082 5898
6701 9763 667
3638 2530 2139
1233 4862 7939
246 2183 7984
5424 1920 4600
3703 6019 7217
711 2625 3814
4759 3002 7647
602 1832 4809
7586 844 9327
5283 9302 3413
8351 4456 180
5712 1743 7491
1564 4948 9387
1927 8411 1918
2653 9343 9771
9596 4612 7005
2802 2368 7213
806 3014 3618
2632 4197 9529
45 4470 9251
6002 1144 18
7 5385 7832
3095 6069 6036
3060 3615 8453
7822 2605 7068
4695 9450 841
1256 1864 903
4807 4089 7367
9742 3132 5054
7317 2820 1076
428 7651 3521
1888 6637 2465
3165 8599 6354
3238 7297 9818
6631 5157 292
7756 7460 8063
4809 5371 3989
6849 9590 5937
5427 8028 1657
8399 4090 384
4869 3845 6359
3074 3468 6867
4843 8606 6904
6877 7443 24
7368 5715 8894
8154 2084 2365
8610 4872 7395
3104 2551 143
1422 3871 5090
3067 8574 4211
7868 9005 9114
5142 450 8066
2996 80 7121
1917 4646 6953
3521 9519 9750
882 5536 6784
286 3351 6682
1406 4013 4809
9792 5377 1568
6313 4482 7900
6243 2968 596
7276 8086 5650
2488 9329 6153
373 4296 3887
1453 2219 8246
475 9405 868
7598 5738 5874
6356 8309 2709
5788 4108 2782
2387 8322 2295
1628 2134 6691
6679 6196 5885
1554 7956 4189
49 6316 8548
6237 8736 4726
1877 1692 9260
950 4285 9943
8531 1981 1288
4452 7113 2539
2711 1784 9705
9539 7973 7541
4543 8775 7943
1685 653 1620
7579 1157 1312
4888 840 9749
3211 757 4261
7113 5795 6936
5012 2664 7521
6439 5118 7702
5396 4361 9820
7276 4819 1267
1447 1893 4464
1449 3557 9023
4409 9674 7114
1744 8370 9362
7310 9414 3893
6919 2638 9095
8350 8423 4882
8666 9503 2937
7894 8150 8603
9824 2051 9868
9612 3162 1369
2370 7898 5886
3778 1425 5202
7639 8504 6927
7374 5719 9288
5141 8210 6718
568 3740 8224
6244 8179 1812
4884 8370 1263
532 3529 869
3969 5402 970
5601 917 5877
3714 5975 7358
9828 9113 8936
4444 1977 205
5676 7512 5789
6944 6503 9708
4846 1714 3469
9561 6943 5114
9530 6966 4687
4825 5166 4386
9006 6936 9663
672 3227 9699
7696 6078 767
7613 9552 1886
2582 5566 2588
954 5125 1585
1465 5088 2038
9297 37 5347
603 4534 5465
4692 4735 7104
9333 9889 9280
5773 9810 8533
7845 9684 8219
8977 4432 2895
3046 2625 1759
2667 8474 9424
1569 862 4974
8279 4983 9058
1796 6587 5239
3516 4392 5408
8976 1639 752
8495 1927 4818
5960 8543 1122
6021 3022 6488
6104 8927 5173
9303 6967 9450
3794 5357 1644
8684 7833 334
640 8088 1666
3746 8543 5850
1605 8429 3318
2781 3875 2219
2373 3196 9204
3844 1168 3957
4024 9300 1237
6665 1748 1005
5706 6689 1272
7737 6143 1797
1909 2136 4273
3412 883 9783
1873 7980 3170
6861 6669 1668
3948 3174 9049
9604 2681 4365
8533 6219 8921
1571 8713 6066
943 2068 5580
4887 2249 5675
1395 3609 2232
4288 1622 2052
3205 8851 2191
6332 5209 7661
650 1046 8557
7743 7924 4017
1065 9953 5148
5735 3339 86
1393 7093 7339
718 3144 5654
8106 904 9711
6463 8907 1292
8479 5860 2249
4381 6932 2337
8522 8225 6425
6017 5020 9272
9794 4805 7714
6420 7347 4247
1122 9221 1471
9836 4087 6136
4874 253 9813
6075 6452 6976
6202 5329 1210
3605 2337 4574
9709 1178 9909
3185 9196 4871
5220 2693 3911
6499 7085 6401
3427 2971 5705
6552 8408 1757
6992 6291 8550
7842 1948 9705
8762 8029 9883
7254 1778 6533
6391 7187 637
6195 9017 5605
7329 8478 4218
2131 4055 4232
8659 2676 4100
4856 1673 8791
4639 261 8138
3488 1233 9809
1058 9668 7928
5321 4147 7028
4091 4261 4257
1468 1529 9343
9096 5125 2698
8100 4899 6951
7827 9469 6618
1310 2336 696
2460 6207 9295
9607 1227 4333
6440 6857 5939
5969 1042 5538
761 9895 4545
6438 832 6409
8302 682 6129
8753 5731 650
4285 6349 5674
4425 6384 3327
7038 3809 5993
6033 3273 399
9371 7856 1086
3677 7770 5050
6502 832 3159
86 9710 8598
666 491 1407
2017 4460 1481
8198 2715 5401
2859 339 9718
5030 5550 9865
440 1113 6699
402 5930 8722
3325 359 1067
9740 3977 7062
5435 8793 5369
2917 2965 3546
2942 5296 3637
3712 5757 776
4422 2695 730
3962 5517 4538
5540 4487 6392
3512 8066 3685
5624 6759 8990
5475 6729 2371
330 4446 2604
8929 4787 6228
5190 8815 4343
1972 4228 5718
2380 3344 6236
9047 1785 4499
3751 9876 889
5959 3914 2523
9196 6382 6633
799 8618 6082
5495 4876 5919
9848 316 3948
3570 3189 3158
3535 4445 199
6102 7692 6567
6679 4960 8793
8405 6235 6011
3426 5029 8027
7080 8054 3731
3307 8464 7364
837 3941 7653
3559 4458 8937
2276 7649 9400
3100 1687 3460
7475 1957 4866
8128 4349 6932
8679 537 6673
2438 3230 6405
6774 3752 7959
2134 7107 5439
1025 7227 8571
5371 1564 4644
5302 1171 6940
6306 6476 8741
3861 9239 7768
4928 2538 5157
2962 6371 9341
2723 6398 6897
8779 1803 3134
764 1340 2558
2971 78 8777
1740 685 7364
7264 8969 8631
6750 3594 2683
8184 7172 4981
4245 506 5717
2802 5545 3761
390 3834 3531
3171 8867 5271
1720 5066 8890
2822 269 8957
8249 8108 943
217 5766 1789
5507 627 2866
8308 8924 2051
8512 8760 4464
8604 2181 3318
4570 4646 2732
8088 990 3498
3912 8864 4536
7346 2729 6678
2708 7222 5807
2081 7146 2898
3361 5143 3366
8005 4192 9332
1212 3783 371
6260 4676 9788
7040 528 5020
7379 8873 2589
1920 6555 8852
5063 3508 1918
4287 6879 8946
2717 1035 9185
3955 7958 8596
2456 4678 8978
6010 6789 9187
9963 4097 4323
5132 2965 2279
6870 7391 1478
594 1641 9453
6052 3498 8923
486 5760 8839
7781 6557 3723
4749 6911 7603
2328 240 693
3425 4580 5839
9708 6981 4136
2210 7381 2589
7080 3492 6402
2254 8494 8354
6392 8582 375
6638 7123 9317
7594 9677 4820
8100 874 3316
120 8765 8725
4915 3437 3481
8840 589 3092
3983 5560 8654
881 3080 4308
1670 6642 9469
7168 3960 1997
9550 4972 492
7370 584 1882
4399 2746 2648
8131 9291 5120
4195 4753 7040
5104 6350 6465
5355 8551 164
760 6430 4512
2965 4914 1423
433 3340 9398
5452 1578 3841
1608 6960 1846
1678 5625 6848
3650 3465 2717
9797 907 5985
7250 3619 2621
1327 8871 98
3403 8003 4922
3056 491 8203
3031 7547 9044
4618 1606 9493
7543 9328 8247
4570 3683 5482
9293 2523 5873
4261 1504 9630
8551 3477 6883
5683 8153 3341
8606 6730 746
9516 6894 6390
3166 9963 1486
6913 8265 7831
1911 1742 8204
7581 4700 6170
4229 1728 1760
9101 3955 6575
6524 8907 9190
1612 5744 5130
9990 7678 642
4642 4250 7279
6065 9601 9821
8318 2664 2124
4931 3201 818
802 9875 8518
4096 2198 9672
6368 5127 3495
4542 6835 545
275 2464 7704
8119 8169 915
591 3700 4747
9521 1709 6870
8012 6302 2331
2969 8543 7278
2736 9562 1414
3110 105 5946
6171 3605 3801
4331 7112 1357
616 3850 7646
7421 3048 5228
5681 4466 4435
3303 5846 9496
178 5797 844
6266 8524 8685
5362 5365 1163
5162 9684 2202
7998 2260 4749
5670 3694 4162
1399 6693 9111
8552 9189 9204
6238 3196 3217
2268 9894 6215
350 8300 2562
9124 8644 3385
5881 9205 2750
6524 2501 7257
9526 3643 5437
1803 9784 7105
8490 8916 4956
3322 5308 5193
8678 1621 9496
9672 9148 9609
8129 2569 7304
7982 9251 6974
9925 1070 6331
2431 393 2735
879 6286 2147
8163 889 9681
8818 8296 6354
4421 6032 7609
1387 7768 6883
6842 5401 6000
6443 466 7834
7411 4634 3757
1777 3801 5743
4310 6655 5854
5447 2139 5271
4937 7073 4344
8048 9280 3541
2047 6123 9376
3103 6668 3984
759 2354 6777
9033 5200 1733
2482 1868 3119
7231 4681 2095
2196 1717 1892
2725 5878 8789
269 5811 7627
2535 5612 3316
1177 6880 7570
3326 9835 1261
7253 9739 3972
9118 3722 5185
5812 2307 734
6675 1409 4987
850 1142 4496
6492 8311 973
2504 2500 9976
8775 9846 6078
928 5267 9498
7933 3851 5699
7801 7296 2516
1712 7236 3149
9598 8179 8416
9875 9682 338
99 3521 8809
1674 5817 3551
3505 1710 3314
5986 7506 7469
914 5186 8212
4915 4477 7570
639 5767 4552
3044 1305 1819
8649 2920 8213
2062 2039 8599
2326 5225 6139
8677 2423 5926
6958 3530 8175
8243 2359 6754
3845 4416 1816
4566 4357 5181
9178 1452 8106
5243 3790 7004
1680 7257 7442
28 5039 7668
7003 536 3938
8311 1914 9571
6718 6758 9151
688 1383 3216
3492 1776 7928
8440 9691 4486
5772 7672 3432
6606 5353 7406
1209 1370 2782
6854 5368 6684
3034 461 5419
3160 5397 6796
1958 7863 7597
91 9745 1181
1019 8934 3946
2451 4266 4668
9591 7257 1360
4007 9106 5061
5591 6371 2572
102 7779 5206
5663 6743 8440
9948 7888 8502
4570 3217 9497
336 3473 1301
6244 460 8664
2625 2445 8852
692 6237 5616
897 580 4263
3550 9706 9065
5138 575 7096
745 7072 8419
7375 739 5519
8030 9247 4678
4412 8378 2928
9729 872 7304
3728 8630 1285
6643 1764 8767
2339 9093 5164
72 9722 9976
1924 7614 9554
7173 8148 2087
445 6182 4737
7917 551 9601
2026 6173 4295
1820 7060 5511
9382 5418 1895
4388 616 1189
3752 9904 4117
3847 1916 443
6941 1633 6509
9605 5686 5883
7974 3358 5748
9416 4341 9795
4036 1103 770
8109 65 4683
4193 1271 3582
8564 7442 1185
7553 9440 9019
987 6548 996
9034 2579 3763
2966 940 431
1649 7177 898
4274 6705 3928
3111 4212 3556
1275 2806 8473
8690 5162 6275
1611 4749 1549
1631 1638 2203
566 4003 5389
8519 7086 4927
7810 7264 2155
4831 66 9504
3739 4490 6512
1046 6519 1802
5271 9890 4194
6778 1003 99
2597 4416 4841
3243 6446 1263
6412 2168 2660
6819 9 7638
1282 4457 7430
8820 1863 7530
5835 22 3957
723 6515 8226
3044 7222 2789
5284 7675 7211
9167 5537 1296
6839 2956 1856
7472 6705 4778
2707 8134 1559
5256 364 7971
4417 941 5247
5873 8399 7677
5018 9370 1304
3114 523 5232
1700 8386 5347
3076 5296 8251
3706 2170 6602
9421 246 8332
9866 2643 5329
9132 7882 3570
1396 4330 2910
4092 7859 7794
2608 1618 3878
4973 5410 5080
6256 6463 6730
456 9094 6351
5239 2299 1152
4402 2730 3939
7656 3571 8836
3412 3633 1029
1555 4990 1233
6409 3062 2239
3580 4215 428
3160 8192 715
573 2594 7985
9764 9141 94
8750 7539 3729
1793 5658 1033
5810 2209 4363
1304 5376 2817
8821 3290 8857
1357 818 6174
9716 6911 8221
2720 7571 5154
6460 9795 7996
7730 1508 9707
5126 2363 5562
3256 7397 4860
6674 5686 9223
4102 9692 5447
3379 962 6954
9845 7183 6159
1962 2945 5884
9205 872 524
6054 1555 3382
1002 5600 1055
1531 8197 1806
9505 1494 5671
9665 4033 3726
3426 5441 7555
4111 6445 2551
2091 2206 2186
5496 6898 4917
3787 4690 8344
5125 1091 9956
3277 1411 2843
6772 7791 2626
6966 5911 2238
7761 2868 8501
1730 669 9556
7619 3718 1615
1242 2519 5768
1689 4137 9424
4778 1345 5443
3877 4471 7372
5153 8333 8254
6296 1396 9293
9560 1089 1482
4206 5560 4747
4680 9236 5436
7004 7884 5353
9414 9627 9854
5353 1663 3651
2737 3896 6915
5674 3696 5798
94 3001 665
3969 461 1503
4802 6280 101
3383 5653 6823
4224 9479 474
3256 1201 2862
789 574 2683
7087 8244 4679
417 8094 2674
9762 8118 9955
4072 6540 8448
6240 12 5217
9560 8422 135
889 9670 2548
2348 8265 5989
4557 1874 4166
7106 1898 3091
5529 2134 9597
3976 1152 3806
6798 6375 7836
141 584 4212
7010 2263 2332
1542 7239 8898
8652 542 7899
8318 8440 2715
5707 7610 4565
4883 5590 2108
3768 1094 945
6621 1394 5359
2844 4262 5182
5857 2730 6638
6771 6132 5294
5157 4109 5914
529 2468 594
1637 2830 731
4917 2937 1206
7799 8558 1017
8764 6825 9487
8795 3157 4522
4504 9684 1812
7799 2254 6686
6626 5283 8362
864 247 2312
3452 5304 8323
843 3255 4558
3307 2968 7432
9830 459 6196
483 6392 3812
7905 7925 2005
1844 5959 9028
2129 6984 1667
3108 5835 414
8488 1166 3808
2078 3486 1230
5454 8366 8140
4938 9765 2295
9907 1029 5776
1150 2197 4376
4984 438 667
4404 7240 9598
5371 6739 4044
8028 1435 6026
5715 7267 4544
3669 3812 450
1756 4291 9422
359 6127 5245
5380 3706 2655
4083 8988 442
9814 9035 5570
894 9532 625
7141 7862 1152
2858 8863 3870
4427 2212 7644
7175 9401 8457
2100 2038 6431
6969 1205 6522
2229 423 2001
3994 9586 5372
5874 3582 3962
9921 9815 4976
3344 3628 2203
6420 603 3220
5078 5564 9336
2747 7 2660
8698 9378 3399
9574 3372 7121
4745 1090 7166
5633 369 8752
1896 3996 137
1829 6059 7397
5210 7876 8154
2002 4911 5392
9825 7500 6036
5274 5898 8359
2825 5049 3770
4704 2113 1781
2419 1414 7733
6946 2439 9394
7870 8599 6340
4675 4110 7331
2603 8485 2055
2397 941 4421
5058 9607 6062
6086 2207 4021
6639 2533 3486
401 5228 2131
6818 2991 2324
5175 5858 87
583 9958 6415
1094 6108 7266
3730 8514 8424
5977 2953 2041
7773 7291 6451
521 1266 1070
1493 3352 1387
5556 3782 6368
1715 3067 1546
3740 6625 1605
1176 1129 2775
6673 4681 9558
2315 2373 2052
3778 8438 7051
2502 9583 3479
1873 2997 4775
1342 6852 2472
6917 7287 789
1699 5614 6587
9381 2545 3524
104 3794 1775
4242 1165 2048
2051 3899 8199
5221 3605 2402
9992 7551 4759
9641 3066 9722
6226 991 9778
4443 9517 5850
3347 5337 755
1488 1450 5189
5821 964 474
9655 913 6008
4431 7889 9864
6368 3899 7641
85 8320 7436
6907 2732 5455
1098 5211 1679
7956 4702 3361
1840 4355 8446
2894 9420 4273
6387 1284 3880
5838 9134 5674
5529 4743 2648
779 6207 649
8574 150 3267
4196 980 6970
9886 7186 6148
