2000 1339
8452 13 85
7563 14 29
4380 19 18
3715 29 37
2177 94 84
6267 40 81
1630 99 86
8377 37 87
6611 22 73
1292 26 48
1200 60 35
7308 35 28
224 0 7
5309 62 86
3012 86 10
9460 68 92
1136 55 17
4814 91 46
2778 52 99
9789 79 34
6897 9 13
3605 92 12
8635 66 4
9671 21 57
3138 14 38
973 79 48
1760 61 1
9094 25 8
826 86 12
7283 34 35
3786 8 19
4786 75 96
5872 20 13
4361 66 100
586 24 27
8518 86 49
514 14 76
5926 12 82
9880 73 82
5123 14 5
6033 56 31
4642 84 86
7151 84 45
4348 75 58
5777 90 99
8764 21 60
1021 84 77
490 10 7
7211 52 81
1622 29 44
5957 40 23
1575 29 44
5789 46 61
8645 11 72
3246 2 86
6757 99 48
9719 36 65
2932 17 86
3684 8 58
8294 36 53
5245 51 72
9136 53 53
2900 82 61
500 1 40
538 1 42
7100 83 93
5826 8 9
9944 59 16
9225 54 56
6972 35 54
4404 84 60
2309 76 30
7228 90 83
5435 82 20
1863 95 5
8428 68 64
8183 6 72
4951 61 26
8967 50 98
9431 61 16
9492 9 43
6306 64 9
5321 75 75
7809 69 57
6718 2 30
3105 94 40
1859 59 22
9722 97 22
7976 73 17
4623 78 63
560 21 48
6166 63 40
5190 50 98
7289 60 31
4079 87 56
9885 63 51
7457 96 36
545 98 78
4850 93 69
8138 29 46
8933 85 27
7469 29 74
7298 71 10
3341 90 26
2036 43 88
6519 97 33
7688 31 6
4220 63 61
9138 75 10
61 15 83
5235 96 84
4876 29 57
8857 47 86
6225 85 58
9750 29 69
7082 37 64
5429 22 89
9496 6 67
4281 29 43
3671 19 96
4007 14 50
9452 24 40
2117 85 71
7317 65 83
3492 56 57
7692 25 40
4923 11 93
1533 70 2
37 62 80
6377 100 31
716 51 13
2314 45 84
839 100 14
1114 51 72
9824 83 86
5038 36 69
4602 12 70
3095 86 73
6930 4 64
6490 43 29
1507 20 66
5454 27 48
1808 2 67
6680 44 90
9452 11 94
19 84 97
5725 17 69
8051 96 24
8449 19 97
6026 29 89
4704 84 38
3162 100 85
755 3 37
6557 33 63
9636 73 60
3971 57 69
6615 47 97
5019 65 96
9289 23 22
4228 42 12
8902 2 45
6997 93 54
3263 90 87
2682 61 84
8653 67 66
161 9 86
4912 7 15
5093 50 44
1836 91 97
9577 79 80
2901 90 39
3608 37 97
6425 66 3
7003 74 40
1246 74 95
6891 69 57
956 81 44
4840 79 80
9645 71 65
7770 75 18
5906 27 22
3495 65 23
2088 76 90
277 82 98
3677 64 9
2626 72 10
2620 24 85
4800 29 38
3568 73 55
8693 100 83
2839 61 77
1043 57 93
8805 15 39
9204 88 77
8668 1 38
7786 99 4
9993 29 60
1140 31 63
8785 51 65
9379 9 50
2252 30 81
6207 53 27
9778 20 83
3477 27 52
2292 62 65
4867 7 2
1997 56 57
9973 93 4
5801 84 19
7393 67 11
8374 87 75
3921 25 68
6889 20 65
2288 56 28
2258 57 42
2903 0 49
6915 5 10
3257 55 73
8142 79 4
3341 34 7
606 86 58
1755 38 78
7319 53 54
7033 63 41
9841 1 23
5911 26 87
5138 1 3
8776 70 56
426 30 27
9763 63 92
1635 17 65
7833 0 71
9498 98 51
4648 97 72
216 65 97
4145 93 58
9093 86 97
6422 10 33
6926 91 56
151 54 78
8004 17 15
1213 5 80
1608 66 90
4295 93 88
4485 59 40
1908 85 64
4285 41 37
8657 48 96
6343 20 64
7268 3 50
3640 59 13
1753 61 42
2673 49 46
7500 27 71
8729 3 75
566 60 13
3866 70 15
4876 89 80
7392 81 80
9654 55 94
1680 41 16
7644 38 3
9591 49 46
9126 96 16
2580 70 18
3157 18 5
5127 62 52
9516 35 95
5978 66 33
4596 97 14
2064 8 72
7792 56 63
5324 29 48
4540 84 97
8035 63 62
6140 65 81
5398 90 57
6419 83 95
761 49 32
2034 50 86
8088 32 20
1106 12 35
3388 71 14
4436 62 93
3417 5 63
7176 74 4
6811 57 50
6635 12 80
8081 93 33
3205 8 4
825 98 43
5011 17 76
6572 84 41
4033 27 58
7356 76 48
5147 13 79
1644 54 50
7396 20 38
288 16 68
711 56 56
6069 55 87
6014 24 39
5091 49 77
7616 38 55
9233 62 71
5647 51 89
9400 94 40
17 49 60
9372 43 72
3773 48 93
6839 78 25
6506 38 63
5703 94 81
5651 62 94
9465 70 41
4430 77 11
2775 90 34
7519 16 21
9919 24 70
5527 20 82
4900 73 8
8305 16 72
7786 97 39
2751 66 49
8493 9 52
5585 70 52
98 49 55
726 8 70
561 64 60
9319 69 29
7121 37 18
3473 37 16
7061 92 26
3586 20 7
9815 73 52
6503 44 55
2547 41 58
8196 48 85
6582 76 58
6900 32 35
6183 87 3
2819 38 87
3925 30 11
2265 43 40
3890 16 43
5432 22 54
1776 83 93
9928 17 49
1674 29 69
4737 48 92
5636 72 23
1498 43 91
5589 85 21
7185 4 35
4533 2 61
7850 24 73
2227 98 16
4764 52 74
7369 92 48
7241 75 52
1139 36 7
1693 5 24
2092 33 40
7162 46 3
3403 78 27
9731 3 90
1469 38 52
4486 54 98
2435 59 83
1917 66 55
7389 73 86
8360 41 9
680 28 88
1732 14 32
3797 55 26
8687 91 92
3179 93 86
8464 39 28
9391 97 79
3185 7 30
6434 34 6
1023 16 43
3290 6 37
4484 100 8
1844 24 78
6659 39 5
7161 35 31
549 94 1
3630 61 86
914 78 94
4818 57 73
5795 77 62
4851 91 31
1383 12 2
8624 64 76
2083 2 53
4534 23 40
1310 65 16
740 35 97
4764 98 48
5696 65 10
2346 60 5
1342 84 80
5450 21 10
3598 46 14
4016 47 12
1959 17 82
6845 78 47
4257 90 35
2011 97 74
7256 15 93
5881 69 94
3519 56 65
7656 59 41
5858 36 45
6389 51 24
8255 65 25
2457 57 39
1190 54 83
1135 63 84
4575 92 68
7380 28 42
2476 54 32
2900 64 11
7519 6 64
3539 98 3
2238 33 65
3291 35 31
5509 67 23
1172 55 38
7900 34 43
2073 31 30
3722 6 57
7529 84 74
6600 57 6
6811 86 46
3049 97 13
4583 34 36
7369 70 52
834 42 37
5813 41 5
8185 70 86
2842 61 61
8224 42 17
6993 40 72
5644 32 30
9162 88 90
446 61 55
2488 1 34
7730 25 19
6364 34 84
8872 17 38
6613 41 72
593 7 13
4919 10 85
2669 100 34
6090 3 46
6963 100 4
9029 16 8
290 18 68
3819 9 39
3030 68 11
5685 30 47
1965 4 67
7025 80 26
9580 8 86
7771 96 94
8988 82 30
522 46 5
9178 96 6
2621 72 79
9006 43 71
565 37 68
5034 74 71
3894 24 42
2231 3 95
3081 10 25
5243 38 15
3844 45 24
4190 2 17
5246 62 83
3582 61 3
6956 34 23
7120 55 15
1936 26 5
7017 63 87
5171 17 74
2269 95 26
2049 63 42
6886 21 67
5461 45 100
1816 18 96
8725 25 21
6835 96 71
5680 38 99
169 19 23
3382 96 4
226 24 98
7383 67 51
3756 26 13
1759 91 83
3784 29 64
3858 8 51
4001 66 67
5475 76 56
9103 6 6
9594 86 92
8861 18 29
8070 84 47
8694 5 27
1120 24 52
8213 23 43
1313 90 10
2382 8 26
4085 66 31
2056 50 11
80 29 19
4733 66 13
2097 33 5
1076 5 84
4485 8 67
5133 55 30
7870 80 88
5773 38 79
853 65 31
7516 63 70
7180 90 22
6412 98 34
135 62 92
9339 70 77
6589 24 65
27 58 99
3930 2 2
7089 11 74
776 55 16
5548 29 31
9455 80 98
7799 52 53
7704 81 44
2178 85 62
9449 83 62
2780 1 46
4956 7 17
8804 10 96
5009 88 18
9553 50 17
6487 99 59
4367 14 23
5974 67 31
1916 77 18
2463 12 49
5554 21 58
4503 0 53
9046 12 53
8928 69 51
6930 71 46
3770 24 83
6511 74 49
1625 48 57
3046 43 92
7943 4 84
407 42 3
7771 87 29
9210 86 64
2907 39 62
9269 23 10
239 27 15
4878 39 39
7159 89 69
6355 19 62
143 57 21
9126 25 2
4672 82 71
5149 70 28
5594 52 75
3386 81 20
6143 36 7
9543 9 71
194 54 34
5861 55 78
6177 31 96
2838 40 22
5439 53 94
7752 97 31
7558 56 57
4275 1 94
2908 36 34
4854 70 87
7412 98 29
8126 10 43
6551 23 90
5943 91 14
1651 22 66
8055 72 48
4547 25 22
5944 84 5
9824 77 16
885 72 2
2840 86 79
5431 80 33
3805 10 81
5265 57 76
9215 98 71
4426 1 2
2381 93 81
8554 96 74
7593 54 26
9975 34 55
6506 83 85
4176 54 56
7223 62 25
8650 88 88
8481 86 62
2747 59 85
5281 40 49
8661 52 83
770 23 62
1764 41 75
3153 71 47
5625 2 84
9859 70 63
2360 22 80
3575 93 43
496 98 71
4524 96 33
202 7 69
2101 32 100
1253 98 45
331 65 75
9712 5 77
5090 42 64
4504 77 79
4959 12 54
1219 98 36
9625 17 22
956 83 68
2703 61 92
353 10 18
4793 57 34
1483 39 10
9394 23 69
3933 57 8
4773 36 70
7663 59 74
5782 88 9
2587 94 76
3571 93 33
5961 69 78
9516 59 24
2887 4 11
5647 14 61
6860 57 1
3288 76 51
8621 57 20
9592 86 99
9344 17 19
5827 90 13
5376 20 37
4287 45 3
2129 95 76
2699 48 70
2390 21 3
4845 13 15
8351 26 100
6160 4 85
9752 7 60
3020 2 71
8111 93 50
2070 76 24
2500 64 34
3819 48 20
7126 68 88
5080 24 98
9485 24 51
6812 95 91
1779 100 3
3041 94 26
5847 71 66
4823 91 58
4196 23 21
8451 1 23
1102 43 50
3991 11 80
4221 89 76
3234 25 68
5790 98 76
9018 3 71
4647 44 3
3063 47 75
8330 80 28
4611 83 79
5149 74 54
7408 83 92
6327 52 52
7337 6 98
4430 55 85
3053 22 57
5968 62 22
1816 26 65
4800 33 99
4259 54 81
8674 38 82
6269 95 27
41 61 53
2442 90 4
5632 43 22
7676 78 27
598 31 39
8001 12 48
6318 48 79
9196 18 32
2327 100 47
3447 39 95
8919 26 45
4935 76 80
6510 52 75
2705 85 66
1818 9 75
2605 33 52
2101 92 62
4761 83 58
8486 64 86
4432 93 93
3703 76 80
59 68 6
3860 94 1
391 37 47
7797 16 80
7416 21 66
5516 95 97
3549 31 88
7745 55 64
1621 7 44
140 36 52
9473 27 87
6195 11 9
5178 41 12
726 46 72
1430 63 75
1033 72 50
1430 29 59
4864 8 99
1554 2 88
3568 73 72
6872 75 89
6901 81 34
3825 60 66
5887 61 29
5045 54 97
8833 19 9
2882 7 51
6523 87 68
2807 81 42
8886 25 15
2950 71 56
9777 97 53
8042 71 70
1516 57 53
2166 10 45
6514 8 59
207 38 96
1722 3 82
8556 9 44
8880 17 28
8220 15 24
8768 27 78
2359 59 97
5444 60 5
7960 90 64
4848 68 37
8233 3 41
5114 40 25
3456 75 43
2798 79 67
5178 44 56
8673 76 88
5942 85 48
181 72 47
7765 23 69
7502 17 19
7439 86 42
2563 49 39
9384 5 19
4712 61 61
3795 26 91
3738 72 36
7254 49 100
7611 90 77
3935 81 67
2063 34 48
2502 53 85
2455 25 17
2933 45 24
8108 21 71
6276 94 22
7887 74 87
184 77 46
2432 82 11
9549 22 35
2141 52 60
1490 12 82
8252 62 93
8213 93 36
283 55 66
7552 60 89
4663 92 58
7235 69 62
3818 66 32
1186 18 60
4265 67 64
4513 61 89
2061 96 7
7614 19 8
8721 16 3
3343 62 81
2332 4 61
6428 46 82
5952 29 48
575 68 78
5939 60 92
8314 70 85
2781 65 79
3576 11 85
291 34 22
1159 44 33
4530 2 63
8805 56 32
4270 95 45
3385 70 72
2796 42 95
4053 1 27
6109 65 6
1978 37 89
813 70 61
2106 32 72
8763 2 31
4325 16 100
4923 29 60
4749 45 98
2345 33 15
4315 69 82
5824 13 63
7879 96 91
9467 29 51
7282 40 87
2345 41 59
1895 70 51
7495 65 73
4419 95 33
170 54 96
6897 26 25
3899 99 35
1193 66 21
8663 39 49
362 3 7
5766 95 15
3927 45 35
9082 12 70
2815 61 4
2251 77 54
2608 95 4
3634 55 19
4926 29 85
900 38 91
47 0 70
2816 0 4
3177 53 9
347 68 48
7087 71 88
2154 14 21
3640 87 14
8912 34 9
8369 24 61
5050 86 30
2630 21 53
5224 96 22
9052 45 59
7773 94 34
3121 89 91
2730 55 56
2214 55 18
3591 20 98
2652 16 61
9138 25 61
5310 28 53
5052 67 98
8526 19 71
3440 64 87
8548 75 14
102 89 16
3987 59 62
4952 33 11
7164 23 37
2068 31 82
2744 2 19
3218 46 64
4737 12 55
8150 48 18
2625 85 4
4937 81 71
5982 90 69
8372 30 14
21 7 20
4142 45 51
5541 31 33
5687 34 48
3182 6 73
9268 39 84
4794 61 25
4413 31 57
5340 91 84
3764 8 38
247 97 73
9367 34 52
7056 81 42
5128 52 46
1688 88 47
6604 89 66
4276 53 3
9618 60 18
8190 84 23
2357 27 46
6560 30 8
2580 79 55
4590 92 3
6689 9 16
7059 82 47
1768 5 20
6656 93 66
7584 37 52
9986 86 100
6359 17 90
5363 40 32
5338 54 14
5395 10 15
6964 95 95
4534 59 98
1256 51 73
7935 11 59
4368 94 94
606 73 64
151 20 30
7176 96 63
1813 35 88
9381 48 96
1530 50 17
8478 25 12
46 32 98
6087 47 78
6743 57 17
4746 64 9
7563 35 16
3493 75 41
3687 21 27
3382 0 28
1552 82 74
9540 15 59
2761 16 37
48 44 32
132 19 19
7341 82 23
4045 68 44
7501 34 57
6036 98 32
1789 44 40
1483 71 57
5186 99 95
6208 50 7
4548 97 88
5420 94 58
9898 48 21
8363 97 11
359 28 56
6909 34 91
9381 57 18
3405 66 81
5696 50 73
753 8 89
2821 36 48
3187 53 86
4235 83 51
3870 70 92
7938 2 100
7819 9 30
8490 5 100
2477 60 23
1317 65 29
5594 96 9
4752 89 87
3660 26 14
254 21 70
2184 74 13
4087 9 76
4494 65 24
7888 95 35
1889 23 5
9292 43 37
3319 79 67
8722 20 45
5044 29 50
2015 75 60
5027 73 69
9726 78 13
6165 91 7
5206 49 61
1582 19 95
8740 63 51
4477 9 93
265 42 11
971 24 17
7654 9 93
2295 80 97
6469 89 9
6128 50 62
4091 28 60
9299 45 14
8748 25 88
5334 56 62
2334 0 92
2356 63 90
3233 91 9
2923 90 97
6429 49 62
9076 53 39
4510 6 11
7153 64 84
13 54 11
3549 55 62
1904 83 83
3359 59 9
4596 58 80
4815 88 81
1144 57 1
413 61 84
7259 1 34
8687 81 90
7609 8 60
4618 31 55
9028 96 53
5668 87 56
1983 15 39
6840 84 16
2015 75 28
6810 14 31
6660 24 64
7293 58 47
5573 4 65
9393 15 50
9659 26 14
9330 74 45
7887 9 55
1597 19 27
1575 74 13
1397 96 4
1630 74 26
5926 40 4
6579 95 27
8184 48 70
5075 26 52
1863 23 73
2522 47 27
642 52 41
1398 15 44
2497 49 43
6413 13 51
139 66 71
5154 5 28
8680 9 65
5074 10 8
3170 33 6
1189 17 45
6226 85 86
8754 34 91
8793 1 62
5202 63 39
4029 90 9
8008 91 4
9717 2 72
6288 49 80
551 98 30
6423 99 13
6385 2 67
7227 64 12
2022 3 99
4275 83 81
3162 81 11
5360 51 72
1472 18 84
548 46 40
9922 8 8
9395 49 66
3250 36 68
8457 83 19
9008 83 78
8410 81 77
6379 40 16
7760 76 47
8508 21 76
610 80 87
560 38 91
6849 8 1
4373 82 43
4359 21 57
1927 4 4
4722 41 29
6636 32 31
8670 28 64
9470 58 61
3122 33 45
4985 40 7
6493 5 20
9892 48 32
1313 55 45
8691 37 56
6735 74 66
1549 9 51
5732 65 3
5722 48 28
5971 50 28
8449 31 3
6627 43 74
2080 81 13
1339 44 17
3979 49 35
2125 94 65
9705 21 61
720 72 40
4524 100 8
6929 96 68
7008 26 21
2458 0 44
8599 33 48
6484 93 55
7459 50 41
7067 53 15
1220 74 33
7744 11 48
787 77 48
6387 15 6
4719 38 73
833 53 72
8872 94 50
2827 60 45
8697 87 78
4264 60 34
3145 53 16
8828 74 93
4356 50 78
6394 29 66
5302 80 85
2071 11 48
2761 96 2
1151 25 74
3440 84 85
9981 0 74
5956 59 36
9510 100 13
1773 42 68
7158 8 51
3348 16 75
3134 97 54
6887 9 1
9997 73 50
605 97 16
8205 61 71
5884 56 17
1696 61 14
6440 17 89
2347 97 48
5502 13 88
7058 13 85
6224 62 12
6325 13 80
6882 16 53
7914 60 23
6981 92 27
7228 18 9
4818 54 16
1763 59 58
4730 9 44
3893 39 86
7261 20 49
268 68 54
8697 56 12
25 12 83
8388 93 60
5352 61 8
6476 51 45
373 65 41
8621 93 25
2238 13 25
4947 84 6
25 1 1
2690 51 28
8632 98 9
8339 63 36
2107 67 48
3313 40 77
1974 82 15
2067 50 85
2691 18 26
8027 43 67
489 81 86
6607 5 27
3438 72 49
8615 33 46
2346 51 71
1655 81 71
4989 46 61
2542 20 39
4963 17 36
9968 39 41
8453 93 36
9551 53 48
419 53 57
7999 42 73
3312 54 81
155 47 55
7277 89 31
8131 3 93
5304 14 43
4840 47 18
8471 67 19
474 11 48
1265 69 17
9104 24 15
2317 27 98
8296 67 19
990 13 2
1872 84 8
6957 70 76
9381 92 51
1000 71 77
9340 39 93
571 99 91
3102 45 8
9308 19 12
3928 45 79
588 71 92
6610 55 23
9292 26 30
5422 38 21
2957 8 31
5140 78 45
5419 2 99
3197 85 43
8171 73 1
1773 48 41
2532 66 89
1349 44 9
8555 70 51
5113 14 96
6402 12 82
8382 28 75
6225 51 18
2791 56 41
6230 40 79
3729 58 29
1419 64 83
8540 27 41
5094 50 10
6188 53 6
5078 60 19
9503 76 49
5579 45 25
2944 1 3
5621 3 94
5708 73 81
9056 17 3
8292 29 79
3967 37 82
1059 59 54
8376 32 88
9569 99 42
7919 74 19
6584 40 13
6550 11 71
1653 86 13
5012 91 2
9235 82 49
4661 85 97
3203 74 14
4257 62 5
4127 23 15
3984 33 31
6496 29 90
4349 26 71
6125 64 5
7001 97 6
6309 8 46
9538 9 82
6848 74 62
9268 15 90
9410 4 11
8192 100 99
8272 4 19
1754 99 6
5687 56 67
8856 29 19
2985 82 77
9945 20 80
9579 63 26
8787 26 86
8076 60 92
1457 24 80
1159 1 15
7595 49 69
779 15 100
8983 30 64
9977 60 66
751 98 25
8991 43 96
8675 68 27
3332 55 83
8770 17 56
1060 57 49
7332 97 56
2988 84 49
218 83 81
2057 49 17
3976 24 14
8589 56 58
1859 60 67
9906 6 19
8583 60 4
3539 1 60
6923 11 25
1368 66 47
3735 38 17
8385 88 83
6133 71 24
5270 22 81
4631 90 31
8749 93 28
2265 51 26
7468 67 41
8855 93 81
9456 40 27
3872 62 16
493 48 14
5372 57 43
7640 19 62
3083 7 65
707 17 46
1775 99 70
9112 93 74
4603 6 96
9496 37 42
8108 69 35
3524 1 67
3016 28 45
6796 72 76
389 72 20
2392 57 77
812 65 52
9908 32 30
559 58 71
4416 58 88
7047 39 43
887 3 23
7794 44 68
5071 40 31
8475 31 7
3794 88 79
6779 22 2
347 87 10
271 44 12
1939 7 42
1275 65 71
77 10 82
7375 49 8
5471 22 68
8855 52 10
3043 98 13
5272 21 74
7806 33 47
8296 50 91
4015 81 13
3422 43 13
7339 43 46
5066 26 67
7976 41 5
9783 22 33
199 86 94
9200 44 31
8198 87 68
5055 45 59
6918 51 22
8700 14 44
2264 75 83
3717 78 71
1470 36 18
2025 36 45
8432 38 1
3818 68 75
4765 3 9
436 62 91
5028 37 15
9015 68 27
177 3 5
8924 60 14
5372 76 60
3270 12 61
5264 73 4
3671 96 47
8553 43 32
9446 50 77
2576 36 12
1006 20 100
4970 76 63
2378 79 76
7550 18 41
1054 65 69
8358 71 5
5384 49 87
297 66 28
2263 40 43
3703 75 30
3547 58 87
9734 65 32
5455 8 49
412 64 41
9124 71 80
3708 34 72
3518 14 68
4660 21 91
8531 65 52
5447 46 22
3953 25 21
792 89 63
5168 89 64
4551 54 41
8298 15 47
3439 89 82
535 45 68
7440 51 68
7084 43 70
1977 99 54
8389 81 89
8938 39 40
2786 57 15
2552 87 33
5311 24 12
7536 65 68
5910 29 83
688 38 45
4042 60 14
3315 86 12
5948 15 100
828 82 59
1105 42 20
2774 78 89
1767 33 20
2490 15 99
2452 89 94
7089 96 86
2496 88 99
6924 74 28
1509 6 19
4673 57 43
6469 14 80
9623 3 99
2331 4 77
788 0 67
9061 69 53
2486 72 47
9441 75 31
7759 22 11
7111 67 61
5590 96 88
3238 21 54
2746 99 11
3666 59 12
1257 7 17
5933 42 57
641 22 94
9476 18 83
7605 83 44
9757 36 78
7987 84 60
94 52 14
8260 29 16
656 57 30
8213 14 78
2532 8 80
1652 76 12
7621 84 58
9421 46 2
6464 74 80
8535 63 93
3888 87 14
2361 81 42
1629 91 32
6514 34 18
1095 56 84
3672 60 4
9950 27 100
8559 55 59
4948 44 4
6286 24 18
167 87 2
909 21 56
7352 58 4
194 56 29
5952 96 65
4477 99 57
6245 77 3
9377 99 12
5223 92 96
8117 40 55
769 82 36
2427 65 31
6269 39 70
7071 17 88
872 37 14
3907 37 42
4199 83 58
1353 65 72
6680 24 7
4449 2 30
2108 100 46
9604 7 56
8868 71 67
8337 57 33
5739 95 38
5464 84 80
836 25 64
8292 79 49
6404 79 40
4044 8 82
8577 28 47
4684 68 80
3596 77 8
8480 5 96
8555 87 59
8834 1 15
7819 12 12
4709 24 89
6806 27 51
1457 27 56
5104 58 66
2865 93 20
1654 2 15
9978 60 62
7610 17 67
1822 64 39
9321 26 75
448 44 54
7310 2 84
7721 15 8
5180 6 57
5788 86 94
8294 6 42
8646 69 23
4338 24 46
25 73 68
5358 84 89
89 53 17
3922 81 66
2038 43 77
5863 9 90
8412 19 37
6599 39 78
3721 48 13
294 12 75
7438 3 79
5632 80 52
8200 45 91
7284 66 68
4815 55 55
912 14 56
8880 60 92
7709 65 54
2311 57 33
4205 57 63
336 73 35
2820 42 61
3535 48 29
691 44 57
2925 25 16
2011 84 64
5301 26 50
3761 87 4
1774 83 84
5613 70 42
9018 38 57
4120 0 93
7151 94 13
2806 50 65
629 49 13
113 93 85
2112 76 85
6679 29 29
5983 9 3
3878 74 51
917 65 53
5062 15 88
903 91 17
5366 56 58
8230 80 64
2634 40 17
9518 15 9
1555 50 2
7150 84 63
9520 63 83
3161 79 37
4197 72 24
6158 11 12
5659 72 85
4260 44 90
3399 41 97
233 72 2
6605 95 54
8124 70 76
6695 15 57
6232 39 38
4705 80 76
9810 53 90
3624 13 82
1941 41 66
7204 96 75
3117 12 37
2754 81 97
1921 7 39
3205 25 89
3782 90 32
3742 93 9
4465 54 96
4858 14 42
8587 63 59
1821 32 61
8843 27 75
8076 55 95
8351 94 26
3216 4 5
3772 2 97
8008 3 61
1607 61 89
431 87 98
7619 78 81
3087 97 78
8892 61 79
1124 67 93
7028 84 99
5029 49 16
1326 39 49
6223 82 75
2584 16 91
195 62 91
3277 8 27
9554 82 8
2666 64 21
3158 63 13
4447 53 24
5252 67 14
4874 45 81
2080 82 90
32 48 76
9728 69 93
3228 32 47
6292 25 45
2107 48 60
581 48 62
9799 64 42
8301 89 35
8020 88 14
534 98 50
3592 99 87
390 36 44
1167 96 67
4825 84 66
175 95 32
2512 100 52
1160 7 63
4874 23 99
6207 75 16
8305 68 32
411 17 34
376 71 66
480 78 99
2338 44 87
1883 76 79
5348 71 19
8366 10 17
8750 99 61
1614 36 18
1927 13 8
3146 10 18
7384 36 49
8557 82 12
3227 23 97
2246 27 9
4996 22 17
6742 20 84
4878 10 68
475 54 27
9994 39 76
6251 75 65
2053 49 16
4532 42 63
9912 59 93
5747 90 13
6117 47 27
7298 20 31
1471 96 67
5110 2 94
2186 91 14
665 76 47
9379 47 48
8180 47 17
7778 96 2
1871 68 99
4814 80 97
2156 27 10
5280 52 24
1122 58 31
1612 42 95
71 77 44
9723 8 28
5857 1 66
5773 4 69
8173 20 43
7999 66 19
5887 31 34
6712 25 54
1244 24 79
1785 93 87
9637 67 69
8229 45 74
6646 3 64
6781 94 87
5983 26 31
1264 74 15
5362 9 66
3794 87 54
8573 58 81
4843 77 15
1960 82 13
4370 57 95
9762 70 66
2890 26 47
2327 83 28
1757 95 100
422 88 1
4247 99 36
1921 35 48
4165 66 70
1237 53 85
3166 31 57
6972 73 12
8817 66 33
6831 27 30
5472 4 70
3232 49 5
6812 73 18
4760 60 59
4146 62 25
9805 63 81
7333 81 15
7751 43 97
6845 71 81
5957 57 78
5327 7 27
2970 9 79
3981 8 66
3740 31 66
8368 97 81
6543 9 42
9572 69 21
3549 73 3
8612 0 69
6010 78 20
887 13 70
4742 18 66
8042 39 43
8179 35 19
7694 20 56
4249 95 58
4883 47 57
1351 36 22
6550 64 81
3659 40 40
8072 29 91
1476 5 45
832 85 48
7255 58 74
1555 93 66
1536 73 14
705 72 61
6010 14 63
9522 60 12
3153 86 77
1778 85 78
4710 51 43
4762 76 17
9475 79 85
8336 54 34
3698 32 50
5760 87 14
6792 49 14
2907 38 16
6966 100 60
9360 41 28
2689 64 65
4825 92 3
7249 88 32
2056 82 99
6680 98 5
5058 68 5
4596 64 7
4395 49 17
8568 31 46
7267 50 34
3671 58 60
832 20 58
7473 39 23
9613 48 28
5729 16 27
8723 62 44
9799 73 73
7269 6 94
114 74 72
801 85 47
8881 19 87
6116 7 68
7643 13 8
4670 67 88
5260 18 39
7303 38 76
1970 18 57
2385 93 72
5784 60 46
1647 45 52
4817 47 72
3316 66 12
3032 100 14
4319 54 81
4374 92 60
9927 82 88
3684 70 21
3523 46 32
7667 2 95
2812 67 58
2153 34 1
5765 85 4
1549 85 34
2762 60 11
5893 58 84
2599 62 97
3038 14 31
556 88 15
877 55 35
6287 89 9
1045 44 61
3329 10 23
7577 30 70
8628 34 63
9811 32 51
6155 22 64
4101 40 28
2132 88 83
8590 43 39
1907 36 39
2096 75 13
9360 100 70
8304 4 19
6978 2 69
9806 32 34
1244 43 80
9831 93 80
9495 62 31
8680 76 5
4113 48 31
9221 58 70
4598 100 45
6952 84 60
477 12 43
2111 67 8
6740 95 77
7760 22 97
3007 25 31
8431 34 30
1806 0 11
5475 69 49
1166 6 9
3220 32 68
3522 14 36
7304 35 83
913 33 44
3839 67 74
2690 63 70
8652 92 24
6246 81 59
4198 12 100
1718 55 64
686 64 39
8958 87 25
7698 76 62
3321 18 100
6995 74 69
8413 71 36
435 44 80
2329 7 83
6162 100 24
7261 58 68
2185 84 12
7465 88 85
5879 35 78
7321 60 60
9451 19 53
3344 30 56
5266 63 68
9924 61 18
9795 27 76
1082 55 40
5431 49 82
7730 64 14
7789 87 47
1588 66 63
2990 87 28
4091 86 1
2173 6 76
4434 36 4
115 71 80
9422 1 32
6120 51 13
59 10 46
2964 80 88
3081 35 5
5608 39 56
8857 7 84
2280 93 11
4692 69 42
8602 57 26
6972 42 76
8372 52 86
7541 95 71
2594 81 82
9429 48 30
4486 93 75
4459 7 94
9556 27 13
4061 95 40
6476 9 99
4822 8 71
3722 60 90
1999 77 87
5420 18 50
8155 63 72
6418 58 45
6951 36 46
6780 56 63
243 60 80
2255 12 94
7547 66 24
5448 54 95
8234 33 63
7238 7 29
9713 99 9
9650 99 33
7810 2 34
1584 92 73
9858 66 89
4347 10 29
3072 61 1
8749 77 28
352 89 22
4861 70 32
7563 53 34
477 56 55
2923 56 21
4995 79 31
9026 83 37
967 49 20
7372 72 30
4733 98 34
3446 80 21
8964 64 39
8093 39 35
2751 35 49
7882 88 76
3682 61 98
9468 30 19
4544 43 74
1303 24 53
4644 48 35
8318 82 45
9422 94 29
7996 51 18
9551 25 76
6952 38 17
6182 52 25
24 26 20
9116 8 74
5285 1 24
2030 13 90
1809 38 25
283 4 13
4325 63 58
1646 51 96
