271 6486
6531 21 80
4440 5 89
1553 25 88
259 19 81
8074 0 63
5695 90 64
3005 91 87
3399 22 93
5216 93 39
5699 41 43
4092 8 54
3443 56 82
4232 92 4
6319 78 99
1882 58 34
1837 70 41
8522 92 29
7683 24 37
8824 80 2
254 22 69
9568 24 16
3122 43 80
1514 95 58
5076 3 11
8616 50 52
8934 43 9
2459 0 68
5730 99 49
1606 92 52
3097 62 35
1783 0 38
2556 11 16
8369 18 51
9067 17 100
478 40 73
6302 60 72
4468 85 80
4641 30 12
9045 41 39
8452 15 73
844 92 97
9666 34 19
8118 2 42
4449 93 94
2478 70 27
1547 77 65
2413 35 61
5034 37 59
8113 88 98
1130 8 97
2923 2 100
522 68 49
1854 72 36
8756 70 93
5685 38 70
8511 63 26
4117 20 13
3889 21 67
6020 15 72
3625 15 40
3161 66 82
8460 50 52
341 87 63
5744 92 66
7680 48 15
9926 31 62
1096 48 44
2796 27 83
4743 66 63
1970 77 79
6499 81 3
1596 51 80
7706 16 13
6617 98 42
3966 19 91
450 97 28
8558 51 51
9526 97 99
1062 11 50
3379 32 88
9577 56 66
6952 93 41
6988 23 36
9530 14 79
5062 37 45
1749 43 30
3301 89 95
7156 83 49
5571 48 95
4339 48 75
2890 97 78
7876 93 38
2789 67 52
8639 59 19
7960 66 4
5150 93 10
113 60 17
4216 31 63
6288 4 28
6589 90 45
3987 15 7
9347 86 30
9045 20 97
4015 2 86
1929 19 10
8455 20 24
1426 25 13
9654 47 42
4678 77 97
448 74 92
6212 51 32
663 76 32
6402 0 94
9646 77 60
8138 67 44
1053 13 69
8022 33 4
6293 7 78
8827 15 37
4437 93 51
8419 22 19
492 62 31
5166 63 73
705 91 56
6186 71 56
7857 69 34
3313 35 62
5464 55 26
9619 10 100
8641 84 60
9940 59 25
8178 41 22
6136 87 76
4275 96 7
9581 70 100
2446 99 52
8137 90 89
3660 91 69
7125 13 81
7742 64 47
2472 68 95
8313 91 65
2727 96 47
2455 86 16
1452 28 68
8363 24 87
6422 79 78
2467 18 41
880 31 80
8788 32 1
7637 91 60
8193 60 36
7844 58 12
8125 63 98
5759 20 65
4035 96 44
4344 70 69
4754 24 80
4543 73 90
1341 90 89
9414 68 49
9810 2 52
134 72 36
2346 76 43
2999 59 55
1314 72 56
9562 56 64
2136 7 69
3290 57 52
3976 26 38
4020 28 97
7800 58 15
7475 96 7
610 66 96
560 30 8
9457 87 42
5560 73 27
5871 20 48
7598 7 29
2445 11 50
7700 55 29
5843 25 60
9077 70 5
5481 20 81
9910 74 50
5445 5 17
700 41 18
5127 74 4
6304 28 92
594 42 45
6306 47 7
2813 89 27
3322 12 6
1898 18 35
2774 13 11
4869 49 78
9183 1 42
6048 10 88
9453 67 85
4685 29 57
4797 43 85
8796 35 66
1328 38 52
1686 4 71
1351 31 36
6170 25 23
8957 35 69
9719 64 96
3509 80 7
2906 44 85
5652 49 50
3386 14 81
3168 8 87
7233 49 17
2090 29 11
9084 22 61
6937 5 82
5908 26 46
4888 24 45
6654 18 55
4017 92 99
9650 72 10
5674 99 86
5560 53 57
5328 89 53
4953 67 82
7922 84 72
4963 48 29
4288 67 91
6221 18 48
4789 23 72
4061 62 16
4817 51 95
8295 89 17
4106 88 59
5031 86 22
4005 39 34
5441 95 13
6912 15 96
1800 99 50
4163 12 92
8669 73 17
3207 33 23
4202 34 32
3926 26 35
9790 36 74
8356 67 59
8585 92 40
6829 63 6
8971 28 63
8896 97 85
2969 93 50
2331 98 76
8001 30 78
1784 40 85
9503 66 82
2183 8 89
4927 95 55
4620 86 87
5701 77 64
5883 31 13
9850 30 54
3569 27 32
6777 98 39
4662 71 39
3001 53 48
2001 50 71
2460 4 16
4396 41 46
184 60 19
9736 0 21
