2000 6002
6507 17 80
9383 19 1
1116 7 99
4630 40 51
8429 25 76
3559 16 36
1043 39 15
3050 24 52
6047 17 58
2002 6 97
8301 83 20
1040 20 22
9037 27 12
2499 24 64
5296 24 62
8767 46 63
4870 53 61
6683 32 22
7990 96 28
4945 62 70
5102 20 6
4545 69 87
797 67 64
6037 23 93
110 92 74
7115 72 62
9831 42 59
2671 67 84
1729 21 21
7464 50 37
8057 67 67
4293 100 69
9415 72 46
599 25 16
285 69 3
5073 40 96
9060 69 50
7007 21 29
8786 51 76
1300 26 54
2495 27 48
2040 33 51
7641 46 96
9456 73 41
5893 47 74
9454 2 49
9112 100 80
923 42 44
3222 11 97
8227 2 2
6409 85 84
5889 47 37
5797 45 39
5163 52 93
2074 26 60
2208 77 53
8586 9 82
5120 1 92
2317 27 79
8603 8 21
3505 74 96
6301 68 27
8343 42 73
1657 51 25
1418 44 22
2501 68 80
7970 4 35
6358 85 82
8601 66 8
9900 1 11
8621 40 72
7535 38 14
5542 17 22
8347 95 94
9465 22 55
3545 45 20
973 92 14
6366 33 91
3148 34 22
2888 76 43
5085 82 55
4887 88 99
6944 64 95
3066 90 14
9610 34 10
6987 56 95
5682 9 71
7563 36 23
45 37 93
9809 39 67
4966 46 62
4288 88 91
864 58 54
184 24 46
2384 71 38
7552 32 30
2197 78 38
6208 32 34
9418 61 73
4628 5 54
9311 31 69
2446 99 46
9875 93 19
2300 86 98
7317 71 7
9099 25 46
2044 58 14
5675 17 49
9444 2 22
9444 90 43
9739 76 51
4343 88 79
2027 65 41
3017 85 29
1673 51 1
5724 92 57
863 51 88
5296 73 59
5062 46 54
9529 31 75
2151 18 87
6992 1 36
4802 59 52
8111 59 67
9167 74 47
7545 13 38
3988 99 95
4119 39 5
6743 95 10
4809 42 65
2037 69 31
5739 77 39
2707 24 97
934 64 75
8276 27 33
5130 70 68
2715 47 11
5017 85 3
9842 30 83
6598 4 23
8570 42 45
1135 46 12
5573 73 7
7911 89 4
9457 73 66
104 19 13
8038 23 59
6472 4 68
9251 10 6
2986 38 100
6133 54 48
9735 16 15
5688 88 33
2909 7 22
4306 49 85
7527 73 87
7437 26 16
9822 92 28
3444 44 63
4944 62 61
9024 67 36
3182 42 21
4 38 80
4203 93 33
9846 80 68
8243 59 48
3616 86 74
7881 73 64
6712 8 66
3268 87 53
3499 15 80
6859 91 19
1071 29 83
9327 79 6
2666 94 70
6185 57 31
7005 86 90
6516 99 49
5254 80 100
6077 36 77
4358 19 83
169 2 83
6607 3 13
1223 64 85
2881 18 18
1142 17 45
9557 10 18
9849 0 13
9066 39 64
7961 78 86
1103 3 74
362 25 54
4321 67 34
8337 7 78
1814 17 49
4373 51 100
3897 60 63
6069 41 68
9752 54 63
9529 30 88
2700 64 57
9980 3 41
4504 56 69
1785 58 51
9252 29 37
1220 82 89
9818 55 9
3163 17 75
8322 31 9
2798 56 63
1930 7 56
1179 80 3
8424 93 40
3486 75 42
7540 31 25
2999 6 48
8209 16 66
3453 72 93
1979 10 21
787 69 77
2486 1 83
8265 41 30
7557 16 20
1653 85 9
5528 97 15
4977 76 85
2395 30 28
7560 45 81
9131 4 57
3628 17 40
27 44 67
7402 46 18
5399 84 7
434 28 74
8055 60 40
2016 51 61
200 83 66
2719 71 38
4886 52 47
783 87 44
8925 100 72
9188 54 83
6992 32 27
3923 77 22
6058 21 91
1480 96 51
6373 91 49
9306 75 53
6776 98 62
1 7 15
6405 60 68
7607 92 41
6546 91 9
5742 20 44
9590 41 73
8993 50 24
4199 92 59
3055 42 9
1667 11 63
5332 66 10
9245 90 26
1849 26 53
7625 66 43
8957 100 89
8458 3 84
2452 53 60
2827 63 87
8160 9 96
3755 3 22
5487 80 96
3741 32 80
4356 44 66
4447 8 34
5145 65 47
2506 79 90
3651 58 74
6923 71 78
4919 39 66
6513 91 92
1965 32 86
1558 48 49
2931 91 10
1953 50 35
6548 58 3
1916 23 71
136 5 2
7843 65 90
5839 11 57
1661 44 3
9625 16 26
9023 98 57
7897 54 34
61 47 75
618 86 100
8755 17 5
6977 98 77
9060 4 40
9780 53 19
6321 94 45
1530 92 93
8861 17 33
9652 29 47
4079 91 4
6202 17 22
7625 82 99
6218 55 77
3064 2 59
9677 7 60
9195 21 36
1259 39 73
6664 83 98
1746 58 45
4540 71 58
8705 30 86
6097 51 72
9386 22 14
1670 74 80
696 90 98
8651 29 82
1934 9 31
9435 32 38
7153 82 96
9933 39 19
584 85 54
4269 85 22
2273 19 32
5095 41 11
6150 62 91
9093 89 40
929 85 80
1994 60 54
1421 62 18
799 31 83
9710 55 11
5677 77 56
8162 27 90
5514 20 11
5672 49 28
6760 4 8
1600 89 95
5675 4 74
8309 43 50
346 98 27
7255 39 73
4297 81 32
2973 98 3
1557 59 45
410 8 54
7360 15 100
8365 41 23
2590 51 81
6974 63 7
2048 17 92
7863 85 36
8463 24 52
4048 67 63
3132 40 45
5790 0 85
8679 26 60
6189 49 17
2670 67 87
9516 15 82
2263 76 90
7545 72 13
7456 43 45
4190 36 33
9541 24 31
9499 79 44
8307 39 87
4420 35 100
732 90 41
1997 6 95
3386 57 42
2820 79 80
7975 59 4
6239 31 7
3821 33 16
4726 24 45
4091 53 17
6963 80 28
744 33 7
9399 49 41
3676 48 44
8544 60 47
6844 36 77
4265 66 49
8133 56 19
8385 10 90
9643 32 32
6271 25 4
6018 65 48
5077 61 89
1150 45 61
900 61 85
9719 42 78
7246 3 70
8656 82 10
2707 62 48
9849 5 57
3125 91 60
4194 44 50
6461 81 86
6674 19 4
4499 90 65
2488 36 46
6344 14 79
3504 81 16
1703 14 81
5336 17 20
5148 84 65
9717 76 5
9173 80 67
8976 60 86
7207 43 76
5542 45 69
1506 74 5
783 74 74
6153 87 75
8957 47 55
5307 10 90
3960 67 1
6534 60 28
4265 0 28
3886 32 67
2869 36 98
7033 69 6
9963 44 45
5149 9 51
2240 22 98
9069 20 36
9241 55 34
3568 2 56
1881 80 72
4451 2 80
9821 28 99
9394 51 91
3749 82 29
6225 24 39
2900 100 91
5441 82 9
4683 96 67
5216 5 94
8258 57 7
9776 60 91
9239 61 8
4028 63 1
1387 20 98
1558 14 68
5721 100 45
9973 43 30
1225 52 85
3119 1 44
7589 1 62
7458 40 49
8539 15 71
8200 45 93
8531 71 31
1131 31 19
1393 20 91
8165 34 70
8046 2 10
5020 79 97
5971 35 75
2461 65 54
9847 27 98
7367 39 52
4650 73 41
2458 21 35
1185 32 79
3536 80 5
196 97 14
2203 26 14
645 13 93
3681 24 5
3186 55 25
660 42 8
3069 35 89
5526 88 55
8331 26 67
1995 88 1
2987 14 45
2384 94 51
8136 25 3
1131 7 94
4689 25 78
9763 89 47
1783 10 17
6515 16 41
4904 47 67
2058 73 22
9307 36 53
9510 80 17
1084 34 85
5041 42 8
617 68 22
8330 32 57
9212 71 42
6664 90 86
2459 10 98
8443 69 68
7453 25 49
8724 15 48
6558 68 23
8152 67 5
2790 98 59
8511 82 92
6997 44 46
7746 44 22
1315 38 81
3077 9 18
2278 38 2
8130 71 11
2372 47 71
503 47 85
3434 42 91
258 2 6
6717 23 61
3370 96 3
128 77 90
9840 32 58
4613 24 94
6375 15 94
104 71 25
6768 85 43
6809 47 99
7050 11 23
6138 38 22
9450 33 81
4265 37 98
4166 48 92
7679 83 95
934 68 79
184 85 78
3965 54 72
9652 40 16
6181 54 24
7902 29 19
9546 51 5
5868 87 66
8425 44 18
2040 9 45
2633 34 91
3037 88 49
2106 96 29
2852 23 88
2956 100 40
9248 17 88
5713 1 43
8263 18 95
6118 20 23
4723 71 46
9470 79 100
8137 71 92
8721 36 100
1385 66 21
564 24 61
4086 18 32
6602 88 20
998 61 64
6122 97 55
5405 36 85
2881 95 96
1862 49 34
4154 86 87
2322 66 26
604 17 45
1445 9 24
9028 11 69
7998 53 27
8515 50 35
5062 85 82
6233 81 87
2188 49 96
8819 89 44
3039 100 43
7106 14 90
7611 82 45
605 41 16
4328 44 59
8777 77 17
33 83 61
631 48 33
8370 16 98
5725 46 83
2452 35 22
3384 5 7
2444 69 4
8241 31 77
7281 22 9
4798 54 71
3886 45 33
9691 56 34
1480 79 48
1433 68 21
1824 74 93
4759 66 8
3788 14 13
239 29 96
993 70 48
7363 51 51
9413 14 99
3769 15 46
1251 11 73
9427 78 53
5807 90 62
9954 14 31
9788 0 68
3997 30 11
3994 91 45
1181 67 18
8997 91 26
6315 83 17
4986 56 42
413 43 73
7436 98 85
542 13 12
2439 78 59
7884 82 19
4035 60 71
1111 66 34
9308 21 8
136 28 74
9488 16 10
3534 19 10
4170 83 1
4831 99 99
8558 24 96
4814 11 94
676 65 72
9272 15 100
1241 71 10
7989 77 83
3187 66 77
1612 66 87
8132 56 51
5606 67 77
2401 33 27
7350 38 72
356 92 32
2360 20 34
6848 61 53
1017 43 17
4644 41 19
6662 20 22
5714 72 86
6217 69 57
7873 37 51
6224 22 18
4305 53 43
4990 14 96
9597 94 25
4807 46 92
9462 11 55
7574 86 35
958 74 46
4722 55 19
8228 30 10
8674 11 11
9375 94 1
2829 98 57
4956 29 14
9622 91 17
4444 63 28
759 75 15
424 62 95
5548 90 41
9047 38 80
2242 36 66
6323 63 80
1472 97 53
2680 39 76
4645 52 58
9773 27 75
6515 96 1
1334 80 33
555 41 8
4330 94 26
5065 68 55
4753 30 61
9907 23 65
1522 12 78
701 87 98
8746 75 33
4735 85 19
5296 3 70
5162 20 5
632 79 14
5464 20 82
3061 73 11
4722 54 71
2819 5 26
6678 77 66
3060 35 31
2282 12 31
8634 39 14
6299 19 41
1797 47 40
5370 51 36
8382 37 81
9463 22 8
1396 87 96
783 95 24
8886 80 15
627 99 23
4466 29 97
4586 8 38
2092 33 25
1144 40 15
5953 55 72
3568 94 18
8781 83 42
1831 49 66
7514 39 9
1753 70 22
4779 71 30
1 71 64
2713 72 31
4676 42 37
1756 28 60
6190 62 41
1325 51 74
4384 55 77
7370 28 2
1593 81 24
1594 33 75
5939 75 19
7155 66 82
8831 56 68
3385 44 48
9604 56 52
6665 26 12
2294 37 39
6725 23 99
659 98 76
3441 65 5
1634 18 97
8253 62 62
3646 71 17
4757 84 45
8927 45 60
9495 17 6
1339 96 50
4132 16 30
7132 93 88
441 5 58
3379 54 59
527 81 25
2700 61 14
4112 44 72
5602 88 73
1164 60 70
2358 29 94
2716 45 21
1355 77 93
9941 65 73
7332 74 91
1680 98 75
9376 62 96
1688 12 26
9894 36 32
3412 53 100
3564 19 50
2854 51 16
9725 18 35
8004 7 70
5404 78 57
8150 47 19
1714 8 13
6880 39 46
1167 68 9
9201 85 59
7199 62 94
5404 87 44
5595 0 24
6646 35 69
2611 61 99
4864 60 92
4185 62 77
262 74 84
6913 31 81
6920 78 72
9078 85 31
6199 84 19
9327 62 37
1267 88 39
6803 95 5
307 41 88
2057 81 20
5813 55 13
4772 97 58
1447 58 61
9325 10 86
4230 81 2
3778 86 97
3015 38 10
4014 82 25
3139 57 95
1178 52 28
7127 23 24
2980 66 14
1579 31 70
8766 35 38
4753 81 22
185 77 85
2593 4 96
9649 33 27
259 77 36
5051 61 35
2014 96 88
5325 36 88
4256 70 30
238 43 29
7358 94 19
1151 11 78
1645 54 28
4521 68 80
5040 45 36
712 69 63
644 74 77
8487 93 69
8201 9 76
6076 92 1
8706 17 75
1782 0 29
4528 0 12
2036 50 33
363 30 79
6073 92 52
9425 18 32
4270 84 55
4162 31 8
6599 35 32
6924 70 33
8618 96 72
1972 32 19
2219 30 21
7477 1 76
8380 44 91
4588 14 41
9124 74 4
2739 26 36
9247 0 89
9006 87 43
5829 19 43
4980 61 50
6510 43 11
9711 1 11
8453 92 29
4165 36 88
4187 28 18
7304 81 10
1630 71 40
2924 93 13
7546 18 86
1033 8 84
5215 9 5
1249 12 58
9620 13 82
386 40 48
7804 91 57
9230 87 44
8695 29 12
3450 35 19
2379 30 55
9445 96 51
2147 37 64
5002 89 4
6455 85 59
8 62 15
8269 73 68
1824 72 27
6623 92 83
5680 27 70
3917 24 91
2527 21 59
8165 40 26
8537 31 68
9089 72 52
5787 46 50
4786 14 39
8962 92 68
6522 21 78
4336 69 27
4062 53 28
5823 25 89
7997 68 20
3914 71 41
1227 59 46
9561 55 30
5617 28 60
8236 84 60
5785 19 90
2795 32 68
4005 67 38
6188 73 41
3617 67 92
2037 61 96
1609 1 21
2451 23 71
8316 11 49
4682 11 81
3090 49 58
6287 10 19
7515 7 75
676 81 37
6089 13 26
1683 2 55
3007 37 54
5181 1 21
4554 10 11
1619 0 16
3184 96 78
8869 97 67
5815 47 16
3995 74 62
5064 28 74
6913 27 69
5477 68 67
2103 34 81
4295 23 29
9592 15 62
6604 83 12
1898 2 84
847 7 9
1399 81 54
4153 85 38
5850 14 87
9175 63 18
1308 21 69
765 55 43
7535 16 11
1034 63 94
2316 98 6
8205 9 34
5162 72 90
3976 17 76
9727 100 58
2914 75 11
6058 15 66
1618 46 83
7600 96 69
4856 16 71
2887 81 94
3215 18 7
7792 18 13
3554 94 62
5993 76 73
8811 39 29
7746 26 20
2946 88 48
5567 17 4
181 33 85
7807 96 49
9379 58 81
1131 67 86
2894 90 25
4978 71 32
4705 61 83
9042 17 88
9087 84 93
5146 88 24
46 55 62
3599 99 65
9426 83 31
989 80 11
8461 8 55
9887 76 41
7462 55 51
7089 6 43
7560 39 76
7909 7 16
8205 88 98
5059 36 40
9852 89 4
2709 76 10
944 18 69
130 98 74
6889 10 66
6186 76 91
4807 57 25
8083 42 47
1925 2 69
5762 72 46
3587 51 58
3533 99 83
3528 51 36
1103 67 80
6919 86 46
6556 9 9
4207 40 81
9751 74 88
9944 66 38
1216 39 55
1052 80 51
6242 94 11
115 71 1
2205 27 67
3250 31 14
8576 29 79
4165 60 63
7995 53 6
3451 88 31
9235 100 70
8275 7 18
6277 88 3
2212 73 67
527 3 90
5041 5 60
8892 47 23
7646 60 44
5359 3 52
6525 7 42
1155 59 24
6221 28 68
6369 5 4
2452 11 32
9202 72 25
6122 48 7
3175 30 93
3689 72 97
8725 73 38
7539 4 8
1622 0 60
6499 80 7
813 76 66
4919 82 85
8889 96 56
1837 51 5
2988 44 50
1501 95 9
6796 13 28
1478 31 28
8283 27 30
5644 99 7
9076 57 78
7089 2 7
518 38 1
706 7 7
516 81 29
8852 10 76
2060 65 11
5456 16 90
4455 30 41
172 11 8
818 88 53
6330 23 72
6811 72 97
133 23 8
9902 64 89
3001 80 8
4945 77 37
4212 74 12
9902 49 85
1003 83 52
657 86 54
5374 69 58
4737 84 95
7280 19 20
930 93 20
336 18 38
5627 94 85
301 48 14
1412 67 45
520 73 66
8995 22 40
6090 51 89
7688 95 74
2937 87 81
2326 36 82
1269 42 100
2436 66 4
8473 51 18
9700 97 70
7375 54 82
5058 58 28
6899 58 100
5936 95 57
7404 46 18
224 28 69
6248 8 37
9650 52 89
1926 83 90
2175 16 17
1976 51 65
4374 98 4
1145 21 82
4454 90 44
8219 55 6
3149 55 44
4278 87 80
8383 92 47
2525 77 73
3881 82 34
6322 74 64
5479 60 69
9867 37 97
3107 82 29
4229 70 92
3360 89 86
9178 80 5
9958 73 67
894 78 94
4992 99 45
430 9 52
5235 70 97
2988 53 99
1312 42 39
6773 6 17
4349 93 29
7508 74 76
7824 40 56
6507 84 19
5053 45 25
6896 80 97
6481 15 84
6661 79 96
9998 97 66
7212 69 21
2135 34 46
490 55 40
3391 79 12
281 54 22
7071 63 98
5363 34 40
8486 42 55
588 79 19
9589 87 24
9888 97 42
4905 44 50
9246 89 48
314 72 68
5300 55 66
7205 75 15
6075 32 2
8614 73 70
5221 87 88
4681 99 50
5301 30 45
466 20 22
6591 28 27
7866 66 91
8913 44 88
348 77 59
8737 50 74
5839 57 3
7303 77 2
965 54 62
4028 91 87
6804 42 100
2068 19 13
6484 73 34
5609 75 50
3177 61 27
6665 100 33
9298 77 8
4946 62 1
2466 35 92
923 82 4
222 74 78
1254 20 4
1671 89 90
7219 81 89
8696 46 82
231 52 44
8403 8 74
2558 59 3
2296 26 54
7213 27 38
7159 72 19
3212 60 77
9591 7 83
9187 28 94
1046 23 45
5043 62 61
7635 28 97
7127 90 19
4664 77 89
1787 77 4
7581 68 75
2268 94 4
8154 36 76
4178 68 3
4475 37 50
4634 8 46
2666 86 26
5431 34 73
6857 78 81
2618 38 19
5502 92 95
7440 8 65
1554 78 52
45 38 95
12 80 66
1254 79 71
5914 75 35
2660 59 19
2464 64 100
1430 78 53
1830 61 1
4903 33 96
9468 73 59
8145 72 45
7007 12 32
4576 82 35
2193 59 34
6715 11 48
9285 62 42
2095 1 61
6377 73 62
3149 94 75
4040 61 96
9654 4 26
2255 80 48
612 3 73
862 24 21
8988 37 80
3 41 4
8978 43 26
5986 85 17
4268 21 95
7001 87 90
5482 85 96
9682 68 72
3349 22 64
568 67 80
5351 94 71
7518 88 75
4682 61 92
7837 2 2
8804 65 84
350 25 44
8833 54 36
6536 36 3
6866 89 55
11 26 16
4310 68 61
3004 24 14
9303 74 79
1506 0 95
2023 2 60
2465 6 10
3996 100 67
7590 48 40
2968 82 9
1891 10 43
2892 23 73
4284 93 23
8319 2 94
1571 42 53
9466 60 65
6399 15 77
3527 50 67
9731 53 12
2794 14 93
3293 70 100
6846 21 81
2412 1 14
2020 45 8
1974 15 62
4201 38 22
9833 39 70
70 10 69
7074 8 90
3277 58 57
4027 91 50
5473 87 7
3401 51 47
9990 71 36
4245 77 62
2937 22 28
4170 70 86
370 14 40
5120 18 37
7016 83 1
247 76 91
9444 41 62
9239 62 50
2089 66 99
7814 11 1
5987 21 74
5721 19 81
2319 17 61
5632 63 60
9515 20 97
3100 59 21
6174 71 42
5651 12 92
9817 63 100
9014 24 27
9471 5 10
1617 27 37
6785 56 41
9988 20 54
9134 30 7
5857 29 83
8954 83 59
2790 75 47
3773 63 87
379 80 94
7006 45 81
1678 83 45
2448 47 55
1118 20 13
4093 34 6
7590 84 40
561 16 51
7644 82 85
4169 70 79
1354 0 88
3644 84 69
2858 0 1
4153 47 87
3224 20 73
1858 17 18
5171 2 98
1592 49 40
1973 100 93
9128 35 61
2644 37 86
8485 55 25
568 20 60
2391 7 21
2368 73 67
9331 7 17
9263 71 26
3115 99 66
7387 22 23
3560 46 19
4359 91 13
7174 37 5
864 78 19
4896 95 10
3831 70 91
3869 34 42
3629 53 59
9194 73 21
2596 99 10
584 11 84
1060 61 55
311 49 78
9388 78 44
9572 93 65
298 58 93
3536 45 61
2141 96 7
5554 36 32
3386 85 87
4335 58 44
4092 50 33
8583 77 81
4017 29 76
386 26 90
3250 87 31
6780 18 6
7025 30 56
2382 54 11
1256 13 28
7614 76 46
4032 99 79
6856 31 76
9265 86 21
5853 28 88
857 17 60
331 95 33
5822 37 60
5086 17 83
3224 98 81
7863 49 57
3049 57 3
4827 89 37
3791 79 79
3519 10 55
9933 19 49
4833 45 90
1749 39 80
6536 36 84
2122 43 2
9183 81 40
5620 5 32
7631 68 6
6244 76 60
1531 1 58
1753 79 97
9553 53 97
1618 48 78
2286 71 4
7910 37 85
2258 46 86
4129 51 54
3493 85 76
7505 54 10
3961 56 22
6769 63 89
241 80 24
6756 100 25
6320 1 78
7205 77 17
6357 78 64
621 82 21
7623 68 30
3637 61 80
7661 99 87
2174 16 47
8543 88 76
3773 63 100
9459 65 52
4428 39 83
5426 76 13
4622 93 23
6153 50 49
3713 24 44
7656 49 9
6218 9 62
8965 17 53
3548 64 13
1761 76 25
6202 96 8
5886 26 31
3870 70 28
7759 25 46
7113 16 3
6002 51 86
3629 43 100
4027 79 5
7592 28 12
6338 39 74
1811 27 76
3774 0 31
4107 5 45
482 33 36
3854 20 45
7703 92 13
7544 10 12
2299 1 59
4831 98 79
9658 32 91
6893 14 35
5690 75 91
9773 80 61
684 70 63
249 63 95
833 44 79
9106 62 11
8666 84 97
6736 51 84
7332 53 17
5579 96 41
4098 96 38
3225 11 62
3467 65 24
2441 52 31
8310 14 83
4145 38 55
4340 49 51
3732 95 81
7246 29 62
6151 18 98
2608 77 16
5525 18 75
7813 26 10
8080 17 32
3923 14 68
3658 39 44
6777 18 89
3395 85 99
982 3 84
7444 61 41
5597 9 87
7548 62 77
2327 28 64
8522 46 66
7784 65 94
7419 30 95
7670 75 62
1894 46 57
1622 69 30
6676 95 81
2520 37 58
5492 28 16
7316 58 49
7695 21 14
2645 22 5
2200 92 25
5590 17 26
1639 22 11
2715 62 52
9351 91 98
3187 45 83
1709 89 47
7259 82 24
9755 32 1
9685 41 74
7365 66 30
6106 61 66
2481 90 15
5627 25 38
6485 28 13
8495 3 7
429 97 75
8137 97 32
2731 42 50
6361 32 10
5058 13 66
165 78 30
2597 96 82
7704 16 67
8749 66 79
8586 1 53
1816 46 96
3969 31 76
5945 90 78
2759 87 48
3069 94 66
2653 48 12
1610 18 15
2015 48 2
6653 11 85
408 14 67
6917 67 70
4360 89 15
2859 73 60
1556 6 66
4803 40 70
2014 78 23
8648 31 88
726 75 1
324 36 29
7504 67 32
2014 49 30
5093 3 30
4712 97 96
495 34 55
5848 21 14
7568 48 1
7574 6 21
4212 79 80
4166 72 1
8151 1 89
8759 84 24
3464 7 13
6940 70 56
6815 74 96
1017 9 67
4108 76 37
8305 49 85
9249 42 64
7391 45 79
6769 18 87
5283 26 23
7194 77 54
9838 62 13
7183 29 35
4943 27 40
7850 84 40
7359 37 79
6641 10 49
7579 7 61
5815 41 13
6114 27 57
325 3 80
6254 74 71
4153 99 83
8279 65 21
8542 99 7
7061 34 98
7629 86 50
8420 57 84
5795 95 47
2606 7 86
340 24 92
916 44 96
6736 45 86
3006 96 66
3235 53 28
9541 33 20
9506 76 15
3421 36 92
8739 21 66
7879 11 71
8141 50 21
5879 21 61
6465 5 99
962 47 79
3320 43 12
2875 78 39
3757 70 88
7438 75 71
8573 19 17
3165 61 77
2941 56 90
3627 72 6
2236 72 85
5382 27 3
9081 83 77
7545 92 16
614 79 60
3441 69 97
5455 62 35
958 95 14
6820 42 55
7262 48 3
846 27 16
9333 39 79
6944 1 48
2016 8 80
9660 57 38
1339 41 91
1753 51 31
2817 24 13
7522 73 53
2035 45 75
5010 67 53
6027 37 25
9245 41 66
3489 9 69
9089 23 87
4814 66 66
9454 95 13
6561 8 42
1442 32 42
1871 85 16
985 28 9
8735 23 37
7123 59 75
9285 80 58
3479 54 60
6270 50 31
7176 60 74
7084 32 55
8006 3 98
4179 50 83
4663 73 97
5508 27 83
2885 38 14
4969 24 2
3322 63 36
8849 54 69
347 13 98
6685 82 78
1858 13 56
7131 84 18
8095 85 68
8914 45 89
2368 44 66
6382 23 9
2079 10 89
5276 64 74
5932 51 7
4120 79 51
7468 99 71
950 34 96
9265 7 12
9648 91 11
2586 49 65
7823 100 76
8621 2 86
731 19 33
2834 99 85
246 12 21
9219 77 97
6567 11 76
6898 48 99
6084 61 32
8234 72 31
8226 64 46
7097 69 21
3248 93 88
9101 47 76
4034 100 97
3054 31 66
7339 86 13
780 52 94
9741 78 62
7449 76 30
4468 47 11
1656 70 68
4592 34 88
3702 16 54
2514 98 22
3800 86 72
2298 19 76
1239 48 35
3567 30 5
9352 43 72
9472 83 12
5136 15 66
9833 72 58
8791 31 39
9928 66 47
1914 8 51
5874 14 66
2839 96 74
1856 76 29
6323 27 12
3807 92 55
7919 92 31
3511 48 93
8411 64 85
8523 60 77
6794 14 10
785 30 64
6167 6 44
8915 74 74
1959 30 25
2582 49 98
6640 5 60
7577 84 40
6088 69 60
833 32 78
6370 70 56
6659 53 61
5878 51 79
8691 9 20
9055 97 31
6043 85 86
5257 10 36
2367 43 89
267 40 32
1919 14 63
3411 45 1
9021 48 84
320 5 2
7201 87 63
5156 64 8
2202 31 73
8362 3 23
4070 100 14
4389 77 36
324 92 15
554 95 34
6777 85 81
1823 90 38
1904 54 39
4725 94 31
9687 11 47
6787 98 57
582 10 20
8452 80 28
4722 94 60
4978 49 28
9506 86 52
8547 77 48
9280 23 52
4484 38 47
8787 53 48
372 67 77
9675 77 62
1092 76 6
1101 59 66
1676 66 100
7233 75 71
607 76 72
761 9 32
7907 79 26
9443 89 83
1115 5 63
7602 50 72
166 25 27
808 91 9
6044 39 7
760 81 12
2038 26 21
1914 58 73
9502 63 34
4846 42 97
7896 95 83
8838 14 15
1392 11 87
910 70 78
5685 40 73
718 26 95
1141 99 58
9282 62 85
2250 59 8
7960 4 29
8548 49 40
3578 45 70
4535 66 49
5006 13 5
9927 34 34
1531 27 93
5074 55 9
4829 32 7
4174 52 96
1612 44 19
1107 41 92
8393 99 94
6218 81 56
1897 73 30
7 10 20
5158 11 10
7220 58 14
4595 68 28
4784 79 85
9054 20 12
2102 0 24
1804 69 10
4513 17 9
6416 12 62
8255 74 94
588 4 51
5092 84 47
9517 8 2
8674 44 77
9745 22 17
5510 81 70
8635 51 31
805 100 50
1033 39 32
5159 82 45
7891 96 48
6996 0 82
5416 43 8
2445 23 19
4005 79 26
3069 68 86
2231 46 70
5408 91 2
8049 57 60
8947 73 34
5648 36 44
3326 83 66
1790 15 51
1102 62 79
2165 11 76
7206 73 18
9286 48 30
2936 69 39
8216 2 39
7375 14 68
1237 1 49
1167 47 50
8114 98 80
2912 79 14
8111 27 76
2999 17 18
5967 94 24
2391 19 37
7801 50 87
199 9 54
5103 70 86
2964 63 63
5085 78 98
1514 39 64
2932 32 58
6381 50 90
1176 44 68
5902 36 64
6712 5 36
5819 74 7
4429 28 62
8422 46 53
5382 89 41
5721 60 70
7362 69 15
297 22 41
9646 63 94
4122 76 64
6400 22 59
1730 65 44
1572 65 87
5890 28 36
6182 31 87
5568 84 68
5584 41 43
217 11 71
117 66 41
6278 31 19
2781 39 70
1981 53 38
3698 32 23
4699 19 67
2428 34 18
4415 78 54
4697 22 27
6585 59 15
4464 8 8
4259 90 27
4134 14 53
9951 2 65
1665 43 13
7395 0 68
413 0 18
5681 85 41
7755 95 45
1786 85 47
673 67 78
4949 38 21
8223 39 56
9083 85 68
6974 89 84
3366 85 69
9711 70 97
298 6 13
3058 57 68
5059 57 59
932 87 90
6480 45 93
9869 7 66
7646 59 66
7658 28 8
2665 26 15
6407 42 1
4288 31 13
2336 65 18
1367 15 74
3209 68 59
1217 4 35
3578 13 44
5230 10 97
1568 39 74
9491 89 30
513 12 78
2920 34 38
5183 40 47
6534 38 47
8192 14 44
1681 1 65
9452 22 41
6499 64 34
1735 55 18
7082 85 1
9488 22 32
1043 82 72
5370 22 96
328 35 95
4329 64 60
4503 24 51
8784 79 8
403 33 96
8665 49 17
1552 25 78
3702 73 65
3898 92 46
343 11 43
9126 34 64
3756 55 17
3980 59 8
8156 12 58
4755 20 60
9172 92 88
2974 76 40
9013 6 78
9223 13 25
4409 82 46
5258 90 70
6693 100 42
5748 71 13
8628 89 95
7836 26 81
4225 95 6
2465 38 63
5222 56 74
3397 85 47
8244 20 55
4121 74 76
1187 42 69
7738 16 75
6939 64 48
3772 11 72
707 69 86
1940 71 81
793 54 36
4522 67 20
8961 94 94
1888 0 22
4930 72 61
3981 37 52
6238 53 27
6510 95 38
4258 8 25
7614 4 35
7294 27 99
996 57 41
8965 50 5
6573 17 12
919 19 65
2538 70 75
6702 77 12
9435 14 41
3239 80 25
8541 30 82
7714 0 87
2721 86 23
6172 25 54
1534 8 30
5116 69 65
8105 67 65
652 58 38
578 28 12
7641 15 22
1730 52 26
1821 73 26
2898 12 78
8891 92 98
2094 30 98
9612 14 61
6587 15 83
2729 30 37
6022 44 58
