2000 8810
2736 8140 1651
7184 5540 3094
9349 4311 9699
3959 2578 3269
2531 8920 2645
7350 3274 6112
3517 9627 8827
344 3874 4423
8583 628 5276
7696 2842 2993
8451 9475 6083
3097 3272 7874
9856 9996 4794
6940 5911 9314
2356 2959 6247
7522 460 8172
3495 5751 5063
7276 7783 1830
5635 6850 490
9872 8708 7215
106 1938 366
7381 2135 7086
9575 5754 1566
2689 1020 121
7928 45 5773
1106 8488 8660
7787 3254 9086
8987 3772 7868
152 6221 5751
1344 2558 6131
5406 2121 710
7572 9328 8637
6081 1824 9011
6993 5934 8779
5043 9242 72
1416 9110 5607
2065 7436 8941
123 268 3600
8640 4610 8567
9609 3445 646
5273 5664 3362
2968 5293 505
6609 5948 7901
264 7029 223
8637 359 646
6326 3939 6067
4069 5246 2663
3247 2962 8197
9334 3406 2912
6343 2249 2542
8974 1200 7397
7673 3449 9379
4978 2767 6810
5184 7602 8333
1170 4629 1133
390 1124 6279
9985 7367 5044
3244 1547 8536
6638 2675 3623
6745 1240 5986
5831 8764 4928
4375 7470 2315
6944 1855 689
2604 6768 4283
1599 7741 133
2181 1154 55
4571 275 7610
7481 7715 2492
5908 3646 9966
747 3730 7982
5829 862 9401
2160 9941 1154
2008 6161 7578
7267 1154 9593
6233 3600 3605
9414 4615 6031
4911 6287 5564
4747 7312 6179
7624 1694 764
2994 5133 4505
6355 2584 1290
2069 1791 3645
1346 3732 1422
9393 2491 2874
192 285 9280
5046 5702 4331
3887 2155 7857
9537 3865 5455
7863 8641 1996
1928 8228 9603
6171 7421 3662
6247 1986 5420
7357 6010 8914
2474 6025 3955
5715 9074 3312
7243 8334 6949
938 431 6648
365 5057 6890
1675 907 890
2376 3451 1348
2093 2929 7992
9655 5477 8156
7242 8768 4767
3151 2260 3192
9573 3208 6323
1154 5578 2112
9723 9131 6394
6196 3760 3538
6711 3626 6794
2060 6599 1987
2987 9592 7446
6557 1981 56
381 7863 9925
8774 1719 420
2927 9705 9061
4648 3287 2692
9987 4258 1519
8759 9999 9912
9598 7260 3675
8868 4676 6740
9066 3499 5814
2504 2346 7334
6321 3737 1073
9220 9617 3401
9959 7495 8925
8792 1615 5226
7000 8600 6245
529 3853 5066
1219 2529 3691
9272 6766 1956
7254 3113 9847
4711 9380 784
6058 4328 2540
3758 3665 7432
705 6564 459
3446 6306 314
2382 8987 2493
8436 3392 606
6549 9114 4748
6064 5357 8473
276 7245 8962
8711 7392 1041
7201 2151 3845
9423 1081 962
7572 4332 5618
7946 4174 3570
4374 3938 2008
4175 2236 3441
7835 4182 2183
7619 5673 6757
781 8704 9081
2510 4356 5347
3850 868 5489
6956 8286 528
9616 453 2082
8337 2795 7417
5190 5252 7186
4529 6817 9745
8222 7383 8255
7871 5921 7978
2888 2621 7889
7174 3104 4662
2937 8023 6881
6742 9913 4047
7581 4341 6121
9600 5749 1876
4345 2495 8973
4179 75 3319
5957 1108 5769
8696 4111 5028
6489 354 1819
4636 6841 1810
3206 4674 9331
3998 8464 1167
2519 4445 1386
5433 857 344
7464 2434 5264
7634 6398 2744
2214 1488 8601
8788 7824 7730
3560 1854 7257
4955 9179 3536
7758 7240 4461
2159 8409 1709
2488 5851 589
9314 6764 9009
4984 4098 9136
1580 2847 8525
1179 4435 3711
8182 1894 5686
2405 9859 7022
3876 2401 1765
3371 5253 7031
8519 2514 1631
1126 5213 2120
7891 9409 9345
8197 3832 4031
2173 5242 496
9810 9035 2499
9448 6850 7119
3146 756 9925
6017 619 3696
630 1183 5176
7384 6373 8432
9774 8949 1646
1312 8771 7085
3711 8761 3396
1417 5257 8409
9770 7164 1967
973 8130 3028
1519 8198 615
521 7442 8566
1083 736 6243
6462 354 3995
4272 5115 6070
4279 3878 9347
8851 8087 5338
4428 8647 8681
1658 4412 9883
9927 5091 5891
5925 3388 7782
9237 5715 8539
701 272 8963
5312 7440 2988
8348 3393 7327
1996 2935 8495
7852 1295 1901
7120 2523 5415
2387 9419 5838
8677 7686 9322
1693 2399 5999
8788 4547 2674
6267 3976 1987
6716 755 1012
588 1382 834
7634 9164 1552
2650 2272 7937
1869 1779 9321
8327 7277 2963
1281 5922 7717
3289 849 2719
2411 7939 584
1906 8616 4898
3950 8066 365
3699 2672 9655
9580 3991 8245
467 482 933
8983 9295 1444
7579 9100 5817
6969 2093 4729
8165 8988 6948
6753 3998 8957
7364 261 199
3424 4186 7359
3462 3703 3324
6964 5730 6734
2089 7670 2216
1780 1619 2631
8139 6160 7455
1884 9349 8512
6693 4318 6055
4425 3793 9780
8649 6952 8496
4360 7235 7313
5434 6693 3491
4203 8108 3104
6075 4340 5785
4956 9957 499
7052 5438 158
2326 5944 8197
2178 1213 6135
5984 3238 3197
341 6065 5649
6301 3570 4595
926 2099 1179
8065 6882 8583
1104 5431 9604
7685 1633 8463
4471 1647 8585
1470 1027 545
2608 3717 857
8649 1055 656
3609 2643 5482
8730 953 7050
6873 9657 7936
8630 2818 6530
129 515 6251
751 3517 7211
3156 588 5474
8095 2679 2165
3795 8523 366
2759 7800 7516
8397 5948 25
6952 3935 6605
5462 1159 1478
2850 8347 6747
3590 1743 3363
8285 6760 9234
8116 2710 206
2565 1173 7514
403 1025 9876
1546 683 7008
717 2945 369
7815 3042 5728
6014 4697 7107
5473 3405 9861
8131 5858 3360
2420 9759 6613
8371 9735 7211
1402 1903 6360
6397 1487 354
3948 1785 5752
7651 7855 794
8765 4662 1134
9830 7793 3421
4867 5096 4187
7891 9314 7011
3480 939 6533
8909 8345 5632
1377 6896 4483
316 9225 5661
6493 2869 6203
5749 4684 3770
3137 274 7883
9978 4563 9380
8066 4949 758
4100 19 5954
2308 7345 832
1519 2546 8453
1570 2020 9564
2886 9583 6527
1997 2638 4388
2752 6663 788
3017 2569 8234
7994 2355 2256
9092 8459 7870
7141 2560 3175
3577 7865 3423
3393 7332 8083
7014 7204 9654
6827 6058 9483
970 6904 8928
7556 9558 4144
6754 8033 5979
3971 8927 5068
7571 4396 180
8701 246 4109
4091 651 2111
4498 1377 7183
5060 8105 2919
218 2162 7401
8074 8282 2439
5745 1998 7930
2959 3188 3257
7696 2897 8388
5275 2794 9790
4748 4594 6104
4504 9568 5101
20 6771 3891
3309 3999 9329
4454 127 5656
9642 775 4045
9729 2416 2126
1525 8553 5394
273 4922 509
5059 9962 6899
7015 8754 7924
1657 9198 7143
9432 4002 6269
6805 1086 1264
9257 9289 5268
5143 4939 3994
3784 6912 5988
6709 9235 8151
8444 3850 3107
8158 4892 5481
9056 5621 8176
7709 5259 3248
6524 1402 6347
6418 9066 5190
4454 8377 724
8508 2693 824
4281 9233 1256
747 2572 6950
8995 4037 8264
5139 8596 6237
7300 6812 9483
8292 9146 2147
4228 9119 8070
729 9675 4948
2629 916 601
7325 1471 3676
1865 9417 9004
6886 9697 1605
470 4690 7387
1019 5418 3330
4152 7695 1134
6553 9367 4732
8086 7302 3549
1701 7784 5595
9897 3595 6307
6291 9929 7176
7881 2986 8913
648 2350 8769
7802 7043 9030
8187 4868 2893
3029 744 5900
418 5760 2578
938 808 9397
2651 5459 5076
8150 5344 6534
8536 5976 9312
2816 6999 3395
368 5677 7112
4361 6206 5404
3794 7268 3088
9315 2704 7527
6700 640 3657
9633 3843 9327
1852 7460 7980
177 3886 7084
9253 5760 8410
5175 5156 2468
3653 6565 3203
6442 7103 1314
3317 9897 1413
9524 8614 8036
4097 8121 8326
8196 3506 4746
6137 8099 9236
2631 2758 6764
7977 9210 8283
5288 5437 2795
3861 4232 6279
9235 7385 5404
7720 696 5996
9969 8332 3105
1373 2756 2995
3968 6789 6506
8189 287 4423
706 2029 3803
9931 4196 6031
8584 8371 9326
3438 4881 6861
4511 1938 1515
1070 926 4807
9162 3283 597
5169 1913 6341
9408 6234 9544
2823 9296 6204
9672 1635 2720
9107 8573 7705
2595 8446 5421
8364 1497 5792
3642 7390 9669
3124 340 2533
3817 3738 7960
1159 8176 6299
8827 9196 3691
3734 3997 5021
1702 6808 5646
9893 713 6427
8744 7454 208
5220 2488 2902
2803 5350 516
9194 7529 5166
8119 3577 580
391 4073 8618
1950 9159 7974
3290 2913 8280
1676 7736 3613
5696 1329 2983
5831 7310 3794
79 9578 8274
6387 911 3795
1491 6942 6494
7091 5716 5596
5240 9983 3558
8028 5073 9395
2280 9998 7302
9994 3784 6713
2997 7521 5142
9176 3239 7775
3002 4957 3064
1690 9556 7334
6702 6600 9460
1439 529 4650
8186 3166 5411
4980 3536 3072
140 9111 2633
5563 4873 671
1355 6308 120
5245 35 1484
621 6061 273
5899 9527 2057
6885 3790 6716
8476 1503 4527
7538 6968 8604
1763 3288 7737
5493 1839 4379
7584 5313 756
3138 3402 6204
169 3446 1317
1449 7769 1746
2601 7107 6139
8982 2420 1483
8456 1854 7622
1863 7625 8306
2396 6915 7318
9389 5268 1156
8927 6940 6903
5317 3259 1490
7810 4571 1532
9159 6120 3159
7745 7301 3931
5104 4950 9019
5655 538 7416
9036 7585 9128
4452 9617 4501
8183 1323 5979
6493 8268 2410
7493 7504 3791
7572 4266 4256
2511 7383 9333
520 9256 7187
2863 3261 1559
5167 9558 3559
4303 8277 6814
9426 6869 778
6413 7449 7457
1081 618 4204
9394 3636 1376
1815 5070 3131
9333 8469 2704
5384 7210 7347
3850 6215 2856
3976 2456 6821
8080 2587 8156
4822 3890 8885
1930 2979 6649
5354 1797 5417
4317 1399 5713
2660 9867 4960
2154 954 1401
5926 9856 4432
5036 5052 4864
4931 2276 8356
8181 2748 8273
2585 631 7300
9813 155 3547
5659 3419 7478
8428 4310 367
2291 9036 564
4401 2314 5227
6439 7089 5214
514 2485 9878
9434 738 7219
2813 173 9948
2501 2732 1403
8127 5080 9243
1110 4859 4007
4060 7597 7741
5928 6609 2652
7519 5723 247
900 8426 3212
3924 6016 5442
9191 8687 2214
4355 5532 7402
2501 2119 5568
7886 7844 1284
4606 4004 611
6461 236 788
6238 2371 5286
5992 657 2350
3210 1622 7806
6982 9697 2731
5192 937 7398
7061 5877 6880
1631 9059 2138
5385 8630 9306
8592 1466 297
8873 822 8958
5524 6090 3419
3111 1380 3423
2198 9853 3264
6224 6956 8031
5507 4938 4410
5556 2719 8170
608 7029 7564
2598 3467 8480
9963 1903 3684
2983 9655 7859
310 9509 2629
3902 945 8609
6544 9281 41
4107 6789 9250
7717 5118 1077
7406 9438 1764
8744 4804 9262
6530 2949 1542
239 1086 9148
6095 7223 532
9102 6997 4893
2767 1421 2913
71 770 2348
559 4232 1130
3889 8410 5938
3001 5960 1513
823 678 7564
3232 7463 5975
3188 4582 1326
3293 5876 4231
7756 9370 488
7913 5305 5039
317 1404 1414
4971 7113 1481
1095 7860 5821
8578 4829 3658
1144 6164 9971
5829 1789 4145
9660 5660 8319
762 8104 8403
6787 790 9634
9237 2941 2038
820 8874 2084
9571 6197 411
3074 6882 4403
8023 4764 6640
5436 8586 5704
8339 7480 7958
9051 7090 7131
4553 4703 6590
4742 2238 8410
1571 9478 2410
9992 6454 4548
9424 2758 5874
5446 745 5132
8273 269 6805
3050 6103 7787
4916 8830 1890
5156 4117 9396
2079 9872 2214
4242 7822 9839
480 8527 3094
6926 1029 511
6388 6850 3168
24 6496 3798
5045 7144 2655
2517 5582 8491
744 2374 7276
8551 6842 9385
918 9701 8060
7517 6109 7899
8282 5779 8310
6348 9100 7013
6236 2473 7892
7199 3156 6037
2668 4027 3005
4637 1433 3178
2849 4409 9618
1017 8981 5157
7699 9504 8470
3758 3434 5678
3015 1570 1282
538 746 8793
4538 2030 5848
7067 2201 6649
2416 2044 5878
5609 2022 7476
2510 1746 5167
9204 5529 6889
6661 6838 7366
222 3466 3214
7121 4281 9979
1914 1501 3805
6578 2015 1674
1701 7928 9792
6842 3620 544
1332 515 7275
6854 4165 2384
6528 9760 5675
8193 7082 9446
1582 8453 93
550 7099 4218
8323 7041 8960
3957 4279 5816
7159 11 7326
361 9484 9294
4023 8012 9911
7176 1826 3207
417 4964 4799
1835 2760 9062
7306 1 5754
4639 3922 7830
2915 624 8246
7228 4839 3280
5420 1033 2169
2276 9879 1101
4888 749 8811
2864 7338 3118
6002 5291 1270
6582 8329 8153
8831 9539 4428
2638 3018 3653
2341 9971 4360
2935 8626 9976
1242 3212 9400
9700 9347 432
8577 5865 4154
6411 1401 2543
577 9635 3318
2719 5327 3244
9048 5426 107
3725 8479 5767
4047 6748 6541
7909 9739 411
8910 542 622
5355 2349 2969
3538 9006 1771
6958 2428 1459
3085 8395 3770
4870 2488 8711
7566 449 3041
1828 5014 8414
657 2797 1513
6566 4099 3701
8841 3206 4003
5816 6230 6522
4587 5056 4186
8290 5052 1850
3565 6823 4699
8911 4309 6697
560 8344 4001
810 8630 9985
6699 9280 8660
5519 8531 5936
2329 3297 5012
2655 1040 3164
68 3394 7937
164 6022 7385
4786 7815 8686
9239 7540 3710
5744 6154 1942
9759 9975 9763
765 4252 7949
9676 9590 7007
2553 2329 1371
1716 4522 3855
5823 2669 3398
5500 7905 6378
2783 9806 9375
1065 2465 131
9072 8349 1214
3161 193 7919
5748 1213 1904
9500 7311 4009
6221 3275 3265
7832 6154 9139
8000 4483 7974
3260 8102 3999
1735 8528 6845
9827 8012 8509
3180 1020 1063
253 5616 8039
515 8398 6293
6953 5549 3962
8888 3552 9266
3062 2220 3542
1370 6487 177
43 2896 392
215 2979 6743
1892 3169 5654
3897 4191 6922
7519 3983 4204
8128 1718 2027
1543 7623 9782
1936 485 2785
3055 9200 9886
9645 2533 8631
8929 4955 1527
9989 3649 2423
8473 9877 9033
8461 2431 5719
6829 7432 4303
4400 9596 4468
5582 3433 5118
116 1260 9373
4548 4873 936
894 779 4354
4197 9778 2625
1112 4204 4669
3607 389 2991
7296 7762 3889
5096 2813 1752
580 5787 1009
1738 8455 8040
7532 6510 595
8739 739 1105
9655 4446 5205
4773 1512 5511
9273 5778 7823
2074 5685 5594
2836 6191 3226
675 5491 4214
4901 6614 2128
9250 1846 857
6545 9588 565
3093 5519 4596
6064 6476 7381
3061 3743 9572
9418 2539 3535
7950 7973 9266
7472 7762 2977
5761 2845 9032
4797 44 7333
4759 1566 742
1709 995 1866
6855 2570 7429
4157 4347 8439
3003 9995 9641
8661 6746 5916
9422 6016 8877
6210 8262 5482
2425 1232 9307
967 7996 2086
2591 7666 5338
5478 5252 7176
935 6092 6204
3658 6372 5945
4473 9870 391
8967 6370 7549
8539 5112 9395
1349 1017 9262
4028 3148 3716
761 15 9482
642 7417 4441
9766 1601 8975
5152 8568 6949
2595 5087 3461
7451 8425 3101
2493 8305 4651
6446 5225 9042
304 1213 6149
1563 8053 3952
9072 4764 4212
2196 1477 8486
7085 3973 9703
3417 3521 680
8904 7085 7202
2515 2052 3554
6256 5558 8766
9841 7950 1182
7824 3228 896
8434 4488 4377
7709 2051 1436
5459 3027 1746
2171 7467 8316
5290 4894 2820
8000 5063 9004
2323 8390 4500
6141 6711 2026
3705 5822 8285
8248 8615 9003
7208 371 8251
5662 1393 8127
5266 2197 4278
4440 70 7512
3375 2542 7824
9644 453 8967
9050 6993 2913
5751 621 649
1832 5406 6865
1656 5275 4626
362 1052 1527
911 5067 3656
998 3328 1569
7478 7560 2161
2786 3485 4868
3695 5585 7807
3873 8646 4693
496 3527 2412
8482 3026 4295
9899 7409 7506
1526 9367 4038
321 6932 9389
5633 3085 3508
4121 5316 9300
9539 8332 2212
7660 3230 4164
8152 5716 1652
6212 569 846
8590 7220 7519
9221 9945 179
7077 1869 3218
1483 7452 4782
2173 8964 9358
7669 6176 7585
1275 5368 3806
3136 213 8195
3804 4785 9610
5304 3070 3801
3646 5550 6060
7180 414 4276
5756 8128 5825
6752 6299 9402
3194 8691 8707
7719 9932 9784
9473 5593 6358
6961 9386 6503
5051 7559 1760
8178 5475 7837
930 2126 9709
8805 4556 6582
6708 5313 8291
7344 1850 4547
2346 5226 2530
5640 1596 7715
6507 4235 9695
4390 5456 7104
2683 8052 6609
9067 7206 5373
1817 2891 2668
5345 9149 7933
3944 4495 3949
754 1886 5509
1836 4628 7222
4943 5678 3413
712 7466 6284
7944 6444 8980
6663 20 3662
9458 6066 3227
5192 3029 87
5305 1112 7332
7870 1088 4838
2354 5471 9667
232 8607 9500
3541 4237 2740
5453 4367 9447
4921 4002 6869
7835 3897 4077
9905 14 406
7840 1486 5676
4039 1324 6031
8329 1856 8577
6039 2594 6146
1178 9043 8118
3118 4931 8962
6638 4515 1680
6163 5077 6131
2721 3304 4041
5237 6913 3298
3578 1664 9082
1782 6388 3799
9662 6889 7899
4039 2855 6745
2914 1018 2751
4085 7654 9057
7439 8446 1418
6196 6367 3363
3147 6341 8357
9465 8616 8297
6758 8708 1861
1708 7308 2257
2644 2937 727
9343 7984 6040
1770 2382 7023
8313 6690 4279
6635 9329 66
615 5764 3182
1075 8138 1986
2724 6444 7504
2468 2470 3929
9543 1313 190
3040 8382 6055
5020 1357 5223
7320 1494 1184
7175 9630 5167
7123 9673 7041
7909 265 8606
161 7065 1378
452 3000 5820
6546 4349 1122
1349 2606 3690
2417 5879 8909
431 5552 8546
9397 2784 402
4855 5871 2770
474 5247 4435
5949 4582 1190
8941 3761 5293
3098 5026 6341
9974 6227 6170
6743 6934 2430
8617 9977 3395
1984 9593 2307
1423 8756 8938
1882 1610 9445
3648 7968 536
2962 4553 9953
9605 8694 9988
5190 6495 9290
3933 4195 6772
760 3003 8440
5741 7193 279
9265 496 1184
4060 6529 1074
6579 1055 8724
2221 7247 1914
5635 3884 1134
5471 6138 3443
4550 3193 4343
372 5879 8871
2874 1547 3421
5326 6472 1226
6182 1973 5926
2623 7024 7789
8757 9869 8143
9504 3399 3487
8144 6705 1913
387 7619 3787
7451 9092 852
5813 7563 2783
5297 3088 8989
5991 5700 3130
9123 7434 2357
3247 7517 8632
6301 4899 819
4040 9997 8705
1675 9149 9148
2466 5713 4112
9291 1750 7712
6678 6798 1360
739 3130 6712
5001 901 3597
3638 2983 2829
1156 7520 8936
3377 4551 5307
1266 4699 7708
939 1666 5719
2443 7931 5312
3390 9368 3293
3215 2072 3308
2112 5162 9358
7333 2225 1632
4917 7613 4169
3525 4336 1329
2073 2167 8680
5124 7980 5319
1225 6308 1053
9423 5721 4132
3602 4974 8445
1450 9554 7430
5037 6579 5516
1994 7607 1360
2890 9417 8682
7760 988 1189
6620 2128 1901
6680 533 1109
7764 810 5808
3506 7733 2315
9217 8468 1340
7343 6514 9831
2854 8202 644
5967 4909 2008
4477 338 6070
4617 1431 2221
7644 4829 6224
3851 6030 4109
1766 189 6559
516 7781 1396
7029 4430 7118
9983 6860 1040
741 9146 5822
898 6010 6604
2243 9537 546
2966 2331 348
9733 2402 3501
8376 9219 4296
7340 579 1455
4064 8813 2828
6521 9694 4812
9968 6301 9840
5933 7741 8366
9184 7802 1349
2613 3921 1725
3561 3995 8449
4340 9075 5148
7536 7523 1115
7857 4412 823
1844 686 4921
8100 7293 8011
3434 3624 9177
7020 8514 4965
8935 7578 9245
1731 104 8782
1535 2413 827
5621 568 1190
8908 8217 1845
9756 6410 4991
9873 8497 9221
7073 2225 7885
6785 5374 1853
1279 761 9387
4635 2029 9740
441 3953 4992
2775 372 5252
4255 5647 3587
9334 678 2250
9899 1256 155
5478 3082 3582
7521 643 8443
3315 2821 7853
4343 2300 8652
485 2011 228
386 6663 6220
1590 9608 1351
3778 5892 7943
7924 3922 4352
8175 4473 7572
5799 9802 2317
2741 594 5153
9060 6369 9908
1996 3456 1394
1522 8061 7337
7420 9527 7143
9835 6623 6515
2576 3247 8925
5766 5081 3274
3449 2343 6903
8595 9584 3556
8454 2172 7884
4183 80 9841
1168 2546 3619
8297 3707 3188
5195 5233 4541
5086 5820 7652
1995 7569 1603
1681 3146 514
6404 2799 3761
1333 2400 109
2822 5878 2834
8447 3459 6691
8776 7356 4076
6430 674 9657
8418 7797 1326
5277 7576 7886
544 2893 1768
2107 2268 9308
9988 5432 5978
6666 2702 9311
2332 4951 2208
6326 2983 7786
6821 1721 2237
919 1018 6103
303 2123 3079
265 4945 1293
8034 5513 851
4777 4776 8136
4047 3363 1745
3284 3228 7059
6059 8383 5177
2652 8972 2058
9288 1977 2374
8636 8376 1343
9573 745 5059
1709 250 1147
5416 3479 6053
9704 4224 5782
8522 9591 4312
5181 9451 8329
3075 5572 7805
1124 4780 9698
7622 4160 7154
3635 9397 3720
6351 3822 5443
4592 389 9297
5803 1737 161
5416 9374 4880
7559 97 3345
1552 8649 4788
3244 7189 9031
5371 439 510
8346 6223 4962
2843 1698 498
4291 2085 3707
4749 2959 9136
8906 2207 6745
9407 2328 8292
4365 5756 2168
5715 7229 8684
3983 7761 6282
8410 6651 2152
6058 1276 6525
4361 9100 6408
3204 7364 6990
5072 8305 5025
9216 2124 4876
236 2466 8177
2551 7023 7969
9193 6622 6900
6839 2764 1566
3901 6116 7174
4363 3221 757
7106 538 5739
6828 1574 6972
6467 4899 203
4536 6443 6719
8649 5352 7123
784 8523 7621
2679 9063 5849
8679 8473 2167
9891 8924 3631
7289 7140 7916
8695 6833 3275
3065 5474 6378
7544 9606 8661
9726 5974 5449
8118 6345 7057
7679 2488 6537
4564 5468 558
7229 7842 9654
3177 517 6175
480 8166 505
8742 3101 8169
3974 4884 5905
9465 1544 461
3785 4827 9299
6051 7355 3526
879 7116 5583
646 5182 2870
4566 726 3459
3010 9752 3549
720 890 1237
992 1627 8602
5900 7018 8027
8687 2879 6327
2103 6627 3150
5549 2743 3854
7074 7068 5152
4697 1225 5617
4643 1433 5530
9529 7408 5658
8993 9607 7258
2598 9726 734
4171 7980 2699
4975 4812 6408
3177 4911 8326
9981 1217 5044
1270 1757 7001
131 8924 2953
4685 1802 5269
6233 150 9612
9618 2549 3949
8153 8361 6242
755 4157 5853
378 5324 788
7808 1606 3399
6221 6474 7465
7815 641 9557
7477 6528 9039
148 4509 9434
7003 6700 9034
7175 1023 9130
3154 9240 785
1175 9547 6669
9558 2450 9094
1351 9194 671
9259 9544 8406
1159 6166 3882
9748 4536 3681
8957 33 9878
3633 2728 6266
2867 887 5505
14 465 2689
2052 4363 1306
2488 3495 5200
3874 1400 3172
6370 8025 3156
2250 4624 3528
7672 580 2285
4619 3342 2810
3634 3311 89
5332 3163 3007
2813 802 5868
3373 6398 2238
2453 6328 4180
6071 8264 3542
2918 7600 3403
9878 2742 1007
2419 660 444
8526 6874 916
6151 2661 2442
862 5974 7359
4220 9625 478
1881 901 1207
7801 8875 3857
7371 7679 8679
1408 7263 4841
5659 6035 9279
2230 7927 5240
6636 6899 2447
5221 1342 4898
425 2445 7314
6368 1786 8830
9857 8027 6889
86 1330 2384
6400 353 9704
7210 4307 5333
7023 3366 4725
3552 30 7295
2781 7816 4879
8171 23 8771
6142 803 2364
6837 9021 9728
4484 614 598
6560 9647 3440
4092 5820 1144
2956 5591 4757
9180 6636 5412
9480 2561 2525
2538 6626 4023
7917 7074 6038
8399 7930 1376
2744 7407 9289
861 6346 5949
4551 20 8369
5629 9278 4936
2487 8942 187
7500 4314 2753
3996 6358 1524
5608 5388 7453
8257 6471 1262
9718 2929 6238
8210 9425 275
6375 374 7731
6454 7909 7470
6587 3737 2530
4641 9245 8038
2629 6337 387
1434 9352 3742
5392 8237 2576
7658 2276 9450
993 1026 8955
9589 8862 8483
7726 8914 975
5196 9594 2286
8254 181 5211
7762 9539 2216
2066 5194 2475
126 7110 8069
3378 6881 7175
1106 1309 2202
748 7334 2673
6874 5078 2792
5449 5588 826
9544 6647 1579
513 354 1877
1502 851 8947
6753 8602 1215
2573 2904 6193
2475 3398 5293
7884 8031 629
4078 790 8184
2315 2041 1111
9622 2459 2550
137 1012 2291
9094 3910 4905
9268 485 7385
4739 5402 4204
624 7076 8580
9156 7547 2156
6714 9942 9945
2535 9122 8372
1406 8079 1204
7462 7735 2845
9238 496 4223
7947 675 4580
6341 9861 5491
2801 7207 1772
4548 9521 450
7916 3349 7687
5596 9603 5669
6362 2067 2976
8451 9344 8946
2058 4497 2732
6299 7934 6689
1772 7006 5489
1464 7397 9744
5547 4151 1781
4769 2455 1620
4551 4451 2683
5034 6757 4323
8615 1297 4555
4031 8505 9294
2958 2810 2912
8949 8120 9283
251 4888 3927
7213 6836 2642
7990 5183 1141
3208 5380 9119
5352 190 1032
338 6060 8632
27 6052 497
2105 9540 6360
1652 3953 1217
3678 8018 1901
4557 8173 6755
1791 2721 5653
9686 9882 3018
8898 8386 2223
365 6009 3579
2677 3512 2848
6988 2365 445
6148 2636 5267
1379 9590 1422
9644 8020 2582
1142 8528 3304
8734 4680 593
8537 7477 9893
6582 8772 7065
1050 8489 8367
3262 757 6741
6126 1586 989
3166 7327 8319
2496 1610 8553
5638 7727 2526
2614 1370 310
2925 7128 9506
3541 1428 65
4379 7776 3249
919 7736 6181
4516 4274 4032
1947 6992 917
7991 8410 7316
7661 1530 7076
9896 9966 3962
6661 1305 3288
6921 1635 9301
3476 8009 4319
2574 5300 424
1101 8460 8289
3330 2907 2931
7890 9855 4887
6613 8789 6065
7760 3569 6955
9736 8430 7314
7229 1701 8178
5419 7362 1909
3215 7848 486
4693 4608 2953
5423 5367 7751
6516 2412 9973
3294 2077 1331
5655 1582 3093
8999 7491 2099
873 7290 9127
7094 1423 7977
9968 2812 117
2168 8493 7272
645 4233 4037
1301 4794 7156
405 9195 2606
2634 7898 139
3112 4904 3149
2490 9801 9971
1344 6672 3911
9207 8396 4548
245 1280 5760
7740 3037 7288
7888 2057 4701
9885 7328 4848
2966 5958 6053
9522 3826 8826
2838 7468 2462
8657 7039 8737
7908 2442 5365
2651 2671 9155
216 3116 463
5160 2405 842
706 1000 3311
9189 2412 1156
8767 9508 7176
5134 9359 9797
9074 6193 9556
2183 2673 7695
6843 4648 2228
8672 1637 9743
5676 6952 2090
2490 6912 2282
9725 8808 6372
8628 8791 1016
3420 7845 3115
4586 2928 3649
7961 1755 8859
5358 5620 7718
8290 3744 6212
4471 4827 6338
3020 5557 2802
2490 5798 946
1282 1266 2665
8136 8000 481
4145 6336 2979
184 8086 2615
6980 9211 862
9509 2016 8371
7084 8156 3888
1897 6598 4759
7699 3052 8973
410 7700 9429
738 8220 8491
6517 8227 2840
9264 8671 5156
3609 1239 6308
6173 4377 6206
2486 1511 7841
4766 4526 5574
3270 1156 7525
8314 8739 2371
7419 4921 4432
6054 4920 8616
7643 4901 8317
9933 7100 7770
6008 9721 566
1650 473 7444
9652 811 55
5818 9609 967
5411 3650 4359
2484 5662 9239
8433 9496 1011
6299 1873 563
679 9479 5276
7598 3255 6757
3529 8953 7635
8670 4479 5753
2083 2160 8259
4057 6785 3761
1828 2198 7886
8470 455 5561
4794 3112 1931
3793 1915 6168
6862 5532 7231
9208 4529 8391
5762 700 6875
3189 8872 7685
3113 2665 6118
7470 810 7243
503 3286 7402
6426 1125 5740
954 6069 7460
4661 4258 7408
3527 4234 7095
3559 8261 6018
5065 8872 2448
1008 8909 9111
1302 4596 1312
5352 2197 1072
8627 7636 6550
469 4180 9955
3450 9988 2396
3501 3508 534
5945 4379 3621
6349 7827 7868
8157 6518 2372
2313 3069 8580
5024 654 1742
5079 3699 5551
1360 7483 6084
1654 2497 3761
3473 8734 9226
3347 6981 9978
1204 4913 3340
5278 8430 4790
3320 7620 6323
4729 5676 4914
6721 7064 9683
4658 5683 2049
4999 9895 1448
2177 1751 3151
1442 2875 8465
6997 7334 5877
1235 2228 812
4827 686 7901
6357 8438 5474
2127 9414 3814
5236 4353 9397
4215 3341 6635
1357 1134 9976
8252 7257 5984
9303 7846 7151
8412 3828 5134
753 1092 6999
3885 30 9535
3469 6148 4952
8243 6801 6364
1325 1720 9081
6436 177 6950
4780 3736 5811
9450 9053 2147
46 1820 4042
1466 2094 9963
5339 317 1032
771 98 3618
1704 5028 1707
4251 7641 3591
9543 8751 8608
4213 1158 4429
2434 6342 5441
8054 8043 7320
2083 6198 4540
7913 8301 603
4710 2136 7221
2335 3538 6161
5938 349 9677
8556 4815 5545
9187 3735 659
6751 1861 5958
2029 1578 4555
8449 9778 1559
813 1398 9901
3105 4403 2611
4657 5608 9552
6477 963 1384
2778 7394 9720
5268 3072 2628
3247 3778 2124
1659 8912 7828
2533 3039 5275
4382 2550 7820
2589 1930 289
7113 5721 5175
5837 2769 1925
613 8419 5873
5970 3425 1382
5431 4099 9137
6965 8115 3814
2934 1615 2667
9260 3663 8471
493 1736 6550
9827 8604 6532
8257 1259 2299
6603 5266 4897
9715 3963 1038
3651 3563 6485
2985 7299 5008
6069 6112 504
9592 5057 6133
7171 6282 9241
6758 6026 6258
6370 853 2482
6190 1397 6218
9719 7756 3647
6548 5264 25
7584 9320 331
3899 4843 8529
7268 6795 1757
8067 1084 1236
5342 8452 4818
4887 6810 7298
2167 5366 4699
2055 4751 8613
2115 2872 5849
8179 2933 2138
7646 7175 4662
2792 8932 929
4166 4000 2694
8350 5036 8344
7195 6612 6639
5889 4754 3699
5749 26 7766
6063 8422 7247
454 5052 236
8259 4644 3512
3809 8866 3687
3185 8589 8456
7034 1870 7124
7169 4964 4563
686 5900 1820
9776 5851 6783
6596 5206 3668
8900 3592 4168
8630 2473 3755
8575 28 1188
8698 3279 7151
422 1242 9362
9668 6666 8768
7987 6059 5593
3680 3382 2200
7097 2925 6767
3307 2426 7145
5287 6491 1368
2370 3437 3896
3775 195 2273
4015 6240 7369
7368 2464 8412
1951 1553 3404
7490 4152 7741
6584 7446 2264
2856 1751 165
3434 6375 4822
4891 7954 718
2164 837 3327
3933 6606 3927
4298 1642 4329
2253 9493 497
4708 415 7407
9442 6348 6250
1305 9696 1071
4137 4618 7881
6028 4906 137
5683 5371 1833
1015 2759 4901
681 9647 9354
9238 5283 693
9922 7067 5013
1638 5879 9388
488 3536 5167
2078 1999 5885
198 7936 785
685 3012 6632
6358 2154 3078
1317 5028 5025
9705 7341 5173
807 2635 5410
9751 5768 5329
8879 7023 4371
24 9964 9646
5330 8083 7127
547 9049 3685
7 6447 3050
4277 1730 5578
1635 7097 1721
8373 5476 2461
3944 1257 8097
6039 7766 95
9343 7782 1531
5597 7501 8309
2836 5949 327
7478 234 2915
9858 6691 9336
8160 7482 722
9840 3884 9903
5889 8694 8898
3962 851 667
2310 6065 3223
9667 1367 6976
7769 7578 7870
1195 5778 2838
4425 1858 7391
2764 2758 7124
917 782 2024
1355 2504 2573
8763 2970 6520
9211 7616 3386
543 4337 6826
148 6918 9609
8222 5357 4579
9477 3504 2486
1332 5898 2623
6007 9823 6904
8971 8168 2103
4403 3057 9550
2854 4739 9687
2821 1924 8458
957 4002 5342
4194 9667 6685
651 2626 9957
7078 8274 7187
8118 3728 5045
2866 6922 7681
6637 1357 3411
6980 8126 6158
727 7544 5566
8792 4993 2591
2554 9047 6843
2175 5352 8438
1706 2231 5967
2958 1038 1820
6227 4523 2461
9657 9598 7933
1689 4003 4562
2560 6427 9844
1391 5686 6878
4362 4769 2903
9638 4786 8309
6192 1198 3765
5576 9795 7173
7579 2362 6766
8932 6162 633
3489 4213 1394
1851 958 3007
6444 5696 8254
3722 7097 8725
9613 6613 1091
8922 2183 6730
5072 4022 9351
3525 4604 9539
5904 2877 8737
1931 2382 4379
8766 2441 8800
4677 3513 1840
9357 9908 2621
7288 4970 7498
5008 8335 6273
6237 9923 734
6438 2004 5080
7806 4719 1410
3237 8003 6614
8549 4589 9538
8854 4502 2762
945 3880 3812
7073 9945 6577
8633 8448 4632
8554 8267 9709
3205 1929 3540
7066 7062 1783
8281 7505 3021
4305 8475 3313
2180 5112 3352
5547 4131 9200
8057 5455 3027
3105 2431 680
4637 4773 8718
8611 245 5209
6769 8047 7518
7779 3943 329
9137 4127 5461
3621 9110 1827
5644 7158 683
772 5331 8063
1750 1055 5008
4103 4279 4579
7195 2007 853
2181 9735 3689
6870 1356 7512
6325 3772 6305
9122 9489 5584
7833 7973 2890
5246 385 6473
6029 7211 3500
5447 6622 3809
2748 1737 8968
7282 1372 8483
8274 6567 9619
5848 5670 3634
6984 2589 6079
1349 7336 5032
1948 9764 5564
8147 4217 4561
2880 6227 3134
7908 2187 7538
4740 8868 2463
5102 8919 8031
9463 2477 4742
858 3043 3949
9627 4605 5289
559 9924 4611
1319 1348 9456
8203 1431 183
6546 4229 5179
4067 8830 3430
5677 459 2950
636 641 965
9601 834 474
3129 4316 519
8714 9666 7239
7255 6914 3406
1267 8130 4783
8262 5101 102
2946 9302 1445
1817 7565 8784
7365 1666 4903
8385 9961 2027
6158 1026 3944
2886 7620 2680
2845 4912 1522
7926 7351 7519
4380 5748 1323
641 3329 3372
7839 9285 9318
6181 3846 6047
875 3780 5084
4375 1943 2724
1495 1565 1915
4530 7769 4783
1634 6534 9518
5347 6682 8954
1940 4026 6606
676 6651 7314
9225 5616 7961
1385 9661 4160
7497 8231 1233
7289 8271 8101
2380 2949 8230
1965 474 3864
6221 4436 1639
3230 5211 3811
9468 5396 3734
7899 9789 8827
2746 7572 1322
8489 8040 560
6656 9429 7226
1264 4142 3765
79 2050 759
6082 9664 4912
2654 6188 6746
7565 2282 4773
7312 4000 7518
2531 1015 2111
4341 4357 9376
776 322 6800
2515 7275 4709
4270 1774 8042
8661 9055 2460
6669 1116 6284
467 8320 5845
6389 9877 4098
9106 4654 9216
8647 1616 9015
5407 8544 7529
8625 1120 141
7239 6363 4691
7514 8912 6656
9177 6908 3155
29 2194 3894
2591 2159 9152
9210 2659 1723
2010 3171 8713
7643 8077 8987
9676 1833 3382
5155 6789 9328
9226 6263 6034
1564 4537 7420
5986 5248 1672
801 1784 8042
5258 8077 7516
7802 5322 5073
4187 2593 5308
7703 7935 8601
1549 3562 3992
5344 8449 2995
5875 8192 510
9291 3010 4546
2776 8753 6602
1501 8081 2943
4507 8160 8349
9494 7744 7276
6696 3779 4123
151 8159 7928
9608 9335 1498
4246 2700 1316
106 401 1801
373 5194 1603
4915 2832 9886
4014 7004 1032
1123 6556 5092
3810 9495 6971
9064 7582 4595
8290 5873 5533
3336 9853 6784
6734 2443 3614
2969 5194 5592
4814 3621 4203
2116 9065 4968
9774 9942 6604
2347 9357 7119
1262 2419 3374
8663 5911 7271
5209 7567 7261
4933 8267 3392
4149 7591 1077
9427 1435 3295
139 8687 9577
9447 6371 8502
8296 2306 228
3471 4923 6932
4069 4717 1791
8319 2316 8015
6914 3000 5907
342 6435 4943
2841 8106 4577
3555 218 3454
5281 9408 5183
5095 6948 8414
3520 9242 7589
7084 9205 9211
8613 3194 5079
4469 4461 1489
6117 9067 2100
7238 4777 2383
4085 6936 8926
9463 1000 9037
6169 7753 6844
8003 1247 5338
5820 505 8542
4631 9145 2314
3327 3792 6111
1528 2943 4159
9782 3030 81
1780 3409 4807
2272 1953 7316
