93 9641
197 2543 7186
9463 1070 7144
803 3748 5556
3555 8176 3417
3974 5637 589
2085 8044 8339
2867 9960 7065
7531 3787 6018
5426 6367 9683
4818 6315 1315
6625 2982 5931
7278 5942 5634
6859 6300 5349
9994 609 1764
1401 9346 4213
3905 7138 1488
3544 919 8953
2957 2922 674
6508 1431 5271
7551 469 9761
6580 5904 1336
479 5736 3935
8495 7816 6163
3653 4090 8723
414 7734 7885
1880 2336 1667
6858 6994 7089
4118 804 2868
7369 380 5643
7955 6428 9206
9500 7073 7146
8566 6359 1146
4540 1885 6502
5265 543 9046
756 3374 4558
5744 8991 7147
528 9910 1110
6565 4049 3429
8327 4086 1904
9314 9612 9796
423 3373 1657
1448 1177 3081
639 371 1687
5038 465 2980
977 1649 8960
68 2048 4092
5288 6030 5229
2169 6520 624
6855 1759 8063
7787 8524 5260
6100 4247 4897
7518 9117 8031
2643 4110 2896
2495 4297 4171
6182 5288 3511
3258 9669 8093
3924 4585 1759
3305 2842 5262
9240 699 6549
6063 8084 5418
7868 500 1245
805 9576 9056
1206 2609 2390
1251 5251 3177
6019 6549 1407
7938 735 1182
8370 850 4473
7073 9233 2580
4932 6633 6733
2965 2040 9962
8689 4403 2369
949 5722 965
6541 7991 6678
6692 9371 1594
1867 3092 6260
7345 2239 13
4497 6243 7976
1821 1243 857
4045 1568 4782
1580 8976 687
7559 6371 1099
2287 8286 5314
1433 6427 9053
3536 878 8947
2203 4267 886
6766 184 218
3202 5181 7109
58 8904 1046
3914 5163 9062
1938 2216 1733
4962 1278 5883
2540 5747 8502
1416 8286 8972
