2000 3236
3400 6245 42
5767 242 111
5414 3722 71
8597 2069 90
9321 8855 12
2778 9116 9
7451 7898 23
8127 8333 18
8839 1460 97
8455 6941 34
8970 2069 90
9203 2939 80
1754 764 105
8713 6941 34
6544 7898 23
3425 8942 11
9434 2939 80
4983 5114 55
1203 3374 75
5597 2069 90
1098 5810 47
260 8333 18
1698 5462 51
8778 764 105
3490 1460 97
3170 6941 34
5831 2591 84
6993 6680 37
4751 6941 34
2952 3026 79
7847 3983 68
7483 1895 92
4089 8333 18
5042 851 104
255 6680 37
7030 6071 44
1836 7637 26
7578 2156 89
501 68 113
2107 4853 58
9911 6332 41
2197 2765 82
9499 8681 14
4611 3809 70
7833 3026 79
7706 4679 60
2414 5723 48
9975 8594 15
5204 7463 28
8170 8855 12
1606 2591 84
6113 1373 98
9213 8507 16
2693 7724 25
8686 8072 21
8079 2852 81
7828 2852 81
1234 5636 49
244 9551 4
7097 7985 22
5451 1460 97
6616 1199 100
8085 9812 1
8914 2504 85
3656 7463 28
7889 1721 94
9642 2504 85
3791 1112 101
3015 8594 15
9771 8333 18
1329 6941 34
9498 1460 97
7587 2591 84
2390 6680 37
6398 9725 2
1570 5810 47
7263 6941 34
8109 6854 35
8237 7550 27
3514 4853 58
3311 9725 2
7718 2243 88
2095 8420 17
2697 68 113
2634 3809 70
3947 6767 36
1006 938 103
8814 4157 66
3828 3548 73
5134 7550 27
9170 3635 72
7430 4070 67
9297 68 113
4496 2504 85
9303 1721 94
225 9638 3
5542 1112 101
8509 1547 96
7082 7985 22
4047 590 107
9864 4679 60
2374 9638 3
3678 5027 56
3411 3635 72
5735 1895 92
3078 2765 82
4127 5201 54
5758 8855 12
7294 7724 25
6778 9029 10
1631 416 109
4956 1286 99
2611 6941 34
1400 4070 67
7049 4505 62
6123 503 108
6105 9290 7
7143 2765 82
7087 9551 4
1289 5723 48
1167 329 110
4821 9116 9
4560 6419 40
5869 5462 51
6450 3113 78
1054 3635 72
6165 8681 14
2119 6854 35
7469 9116 9
164 4853 58
4755 4592 61
1298 1373 98
4709 6419 40
2830 3461 74
7259 4940 57
3683 2156 89
6412 590 107
4877 1199 100
5071 6419 40
411 2765 82
1859 5288 53
390 416 109
4205 3026 79
3319 3113 78
6033 2417 86
1965 2156 89
9648 7289 30
9500 4070 67
7204 1895 92
4031 9116 9
9671 9812 1
3943 7202 31
4159 8768 13
4966 9551 4
7990 7289 30
5597 7463 28
9454 5636 49
1280 4331 64
4805 503 108
1761 4592 61
68 9551 4
4344 8072 21
5624 4940 57
2975 4070 67
4312 2417 86
2773 7289 30
1685 7898 23
6112 4766 59
5535 851 104
2036 2156 89
4418 5027 56
3292 7115 32
3827 4244 65
5503 2504 85
8557 3896 69
6422 9029 10
3283 3983 68
7031 242 111
6345 5027 56
1442 6158 43
2671 6680 37
7931 8420 17
7728 851 104
8156 3113 78
5195 1286 99
3564 9116 9
2205 5288 53
6134 6419 40
6498 4766 59
9322 3200 77
4473 3896 69
7991 764 105
7156 2765 82
4368 4244 65
971 5897 46
9948 590 107
5894 9029 10
6367 1721 94
2773 68 113
1471 3722 71
5572 9290 7
9521 1808 93
698 2504 85
6960 3461 74
1409 9638 3
9654 2330 87
4747 1025 102
5449 764 105
4925 7550 27
8794 1460 97
1400 2156 89
1897 4853 58
5576 4853 58
8451 7028 33
368 155 112
2991 6593 38
9280 3374 75
7046 5810 47
9359 5984 45
7735 2591 84
2125 1025 102
3023 6419 40
2595 3287 76
2139 5984 45
3419 3635 72
392 1721 94
2095 9551 4
1591 3113 78
5699 7115 32
8695 9203 8
7489 9551 4
2635 3200 77
8950 503 108
1509 503 108
8587 1373 98
5642 5723 48
4810 2765 82
800 5897 46
5264 4940 57
5000 9377 6
6778 938 103
4539 2330 87
3747 5462 51
616 7724 25
7699 851 104
6058 7028 33
4041 2069 90
26 7898 23
7418 4070 67
5841 2243 88
2044 503 108
5511 9116 9
9730 3113 78
8040 7376 29
9961 8507 16
8527 3896 69
2699 6506 39
2311 6071 44
9580 4331 64
4831 6767 36
4423 8768 13
330 9290 7
9339 5810 47
5457 7985 22
535 3983 68
1243 3113 78
6226 7028 33
7507 7811 24
8248 9116 9
6659 3896 69
8572 938 103
7480 3548 73
6830 3983 68
7186 6332 41
3528 9638 3
5428 1373 98
4627 938 103
5798 5201 54
101 9638 3
7949 5201 54
9416 3374 75
2084 4853 58
1728 7376 29
8386 9116 9
3257 9377 6
881 7724 25
7491 4592 61
6030 4331 64
8033 2939 80
3579 6593 38
1423 155 112
3795 7898 23
3728 764 105
9665 9812 1
7847 5723 48
1023 5288 53
5896 9290 7
6488 7202 31
1356 5201 54
3206 9551 4
3189 2852 81
2872 8507 16
1645 1286 99
2125 9377 6
1375 6941 34
5932 5027 56
4287 2417 86
3326 5462 51
213 1721 94
1469 6332 41
4222 2765 82
942 8855 12
7865 1373 98
2820 1982 91
2920 4331 64
279 1460 97
4089 1286 99
2609 5375 52
4186 8333 18
5546 3200 77
1418 1373 98
5689 5288 53
8699 7637 26
9621 5462 51
9804 1025 102
5336 9812 1
3434 1895 92
6406 8855 12
196 2852 81
3878 8420 17
7322 4157 66
902 4940 57
7032 8768 13
6273 6332 41
2351 9812 1
5016 242 111
149 5636 49
5640 3548 73
6582 5810 47
9284 1199 100
2402 2069 90
3203 6245 42
6403 1460 97
8512 5288 53
7797 5549 50
8803 7724 25
4407 2417 86
8615 5723 48
751 4505 62
4508 1460 97
2664 1112 101
5930 2417 86
8640 1286 99
3253 4157 66
3324 6767 36
1150 7898 23
8640 9464 5
958 3896 69
7819 3200 77
8700 4331 64
6110 9812 1
9187 2330 87
6672 1460 97
6015 9116 9
2990 1112 101
8650 5462 51
3226 2765 82
5350 9725 2
7927 2939 80
2631 9725 2
8031 3635 72
8283 6941 34
5413 5027 56
4190 3983 68
4928 7289 30
1937 4505 62
9604 8942 11
5663 851 104
7775 4418 63
2071 3983 68
700 9551 4
5700 7289 30
2707 3896 69
580 7028 33
20 68 113
1360 6245 42
1860 9116 9
9507 8333 18
1932 677 106
6914 2591 84
906 5462 51
8545 8768 13
4801 503 108
5180 7985 22
5529 5984 45
1967 5723 48
3392 8420 17
6237 7550 27
2951 3200 77
3485 416 109
2449 2417 86
9448 5114 55
5864 4766 59
1335 6767 36
4834 2852 81
2523 6245 42
7201 5984 45
9412 9377 6
6006 503 108
4928 8072 21
8791 5636 49
1461 6245 42
867 7637 26
3327 2417 86
2649 4853 58
4401 8594 15
8352 7289 30
3824 4853 58
9190 7028 33
5191 7202 31
3298 7637 26
2109 7550 27
7960 7724 25
2564 8072 21
5312 4592 61
3611 5027 56
1671 3548 73
2595 416 109
130 3896 69
7632 6941 34
7226 1982 91
1111 5984 45
7624 9812 1
3305 5897 46
3232 2330 87
1480 6419 40
4953 4331 64
9588 9551 4
7123 9464 5
2699 7898 23
5938 5897 46
3218 2417 86
2981 8681 14
6810 4070 67
3637 1547 96
1710 3461 74
6591 2417 86
8932 4940 57
30 9812 1
7797 6158 43
4530 9290 7
1211 7724 25
738 3026 79
506 5810 47
2875 2330 87
6674 3722 71
7327 3113 78
9645 242 111
6006 5288 53
9827 7550 27
636 2069 90
256 1982 91
584 8420 17
9289 4331 64
8490 8681 14
4284 5549 50
2830 7463 28
31 7637 26
3182 7463 28
8077 7550 27
225 9725 2
6864 764 105
237 2591 84
9263 3287 76
536 9638 3
4178 6071 44
8135 7028 33
9236 6767 36
7194 2678 83
254 5288 53
4068 2852 81
9223 7637 26
6364 4331 64
9172 2243 88
5555 7724 25
9424 1460 97
9559 9551 4
8814 5375 52
6356 7463 28
8517 938 103
3363 1199 100
683 6245 42
2100 8159 20
6745 8768 13
2324 590 107
5741 4853 58
2839 5114 55
5140 9725 2
6252 2591 84
1229 1112 101
7527 9116 9
2137 2939 80
2066 503 108
9215 1634 95
3225 416 109
8487 3983 68
2221 9377 6
6640 7376 29
9862 3287 76
5402 2417 86
9628 3983 68
1850 2852 81
1624 3026 79
6629 5810 47
6011 5810 47
1653 155 112
2257 7898 23
2268 5462 51
1813 5114 55
6173 2156 89
3981 3026 79
3066 2417 86
7574 3809 70
298 4679 60
6707 6593 38
6426 5288 53
5221 5723 48
3595 938 103
4146 590 107
7707 3113 78
3622 9290 7
5030 6419 40
8976 9377 6
8665 7028 33
6136 5897 46
283 5897 46
9609 8159 20
4032 4157 66
4980 3635 72
1288 242 111
1846 2939 80
4493 2504 85
4707 7811 24
2248 8246 19
7832 6941 34
9382 8768 13
3950 6158 43
6214 8333 18
7849 8420 17
7255 68 113
3288 9029 10
6095 2678 83
9304 9377 6
8818 4592 61
6252 6854 35
4185 3896 69
9759 8333 18
903 590 107
5729 7724 25
8740 938 103
9277 5288 53
4645 5636 49
6188 5636 49
5293 2504 85
1109 5549 50
1232 9116 9
4587 2330 87
5729 1547 96
9218 5984 45
2481 3200 77
6487 6680 37
1186 155 112
4070 1373 98
4093 3983 68
9616 3374 75
4512 4157 66
2587 5636 49
4708 1721 94
4195 1982 91
8204 1808 93
3742 2852 81
8665 8594 15
6833 5723 48
2853 7550 27
2373 9203 8
2773 6158 43
2909 3896 69
8171 8594 15
1221 1895 92
4573 3722 71
6260 590 107
4665 5462 51
4691 1112 101
3472 6593 38
2083 8681 14
5020 6419 40
6056 6419 40
8334 1025 102
8955 2765 82
7542 8072 21
6600 3461 74
6186 8681 14
1147 6071 44
7343 7724 25
7265 6506 39
6909 5375 52
6695 1982 91
2063 3635 72
9107 6854 35
7280 7724 25
526 2591 84
6828 1895 92
3039 1547 96
19 3374 75
6590 5114 55
349 6506 39
2519 7028 33
2040 8594 15
2125 2765 82
6952 8681 14
3724 1460 97
2990 7115 32
7504 4679 60
9644 8681 14
747 7550 27
7612 4592 61
3164 5897 46
987 3896 69
4444 4070 67
6001 3200 77
8875 8768 13
3824 5462 51
7013 1199 100
4496 590 107
3366 7898 23
233 3548 73
5295 8072 21
8481 2678 83
859 9638 3
2052 6419 40
9804 7202 31
6537 4418 63
4191 4592 61
8489 3113 78
8286 5201 54
7926 3635 72
8671 9116 9
1135 3200 77
6374 1025 102
7822 8768 13
1466 2330 87
5076 155 112
8841 6941 34
5202 7289 30
6194 6158 43
4291 2417 86
854 2591 84
8912 3113 78
2644 4331 64
7013 8333 18
2842 2156 89
8123 3026 79
2850 7637 26
4637 4244 65
7501 4766 59
7264 2852 81
4346 8159 20
6660 3548 73
3868 4331 64
4473 7115 32
6318 1286 99
2357 5462 51
341 4244 65
3556 6854 35
6431 590 107
7033 7115 32
3988 7898 23
7502 4070 67
7322 2678 83
3129 677 106
6086 2939 80
2044 5201 54
4130 3287 76
1153 5375 52
2664 9290 7
3576 503 108
6387 3026 79
6441 2678 83
2147 1286 99
3631 5723 48
6681 8507 16
1578 1199 100
4138 7811 24
8988 7985 22
4452 1286 99
7650 2504 85
7732 677 106
5823 3374 75
8816 3809 70
3400 7724 25
421 5027 56
1199 2243 88
638 5114 55
7763 6854 35
2753 2678 83
3985 3809 70
2876 9725 2
9440 3896 69
9369 938 103
8828 5201 54
3258 5027 56
5079 5462 51
7341 8942 11
7494 2069 90
9543 242 111
2119 3896 69
7578 590 107
2501 5984 45
2937 4331 64
4336 4331 64
8764 6854 35
8394 4679 60
8240 68 113
7524 3983 68
2720 8507 16
6651 242 111
8644 4766 59
3879 1808 93
7404 3722 71
7849 9725 2
7561 7811 24
89 6680 37
8879 7202 31
7868 1199 100
2290 4679 60
339 2330 87
5331 4157 66
5017 8159 20
1660 7985 22
7245 5636 49
5309 9551 4
4007 6506 39
8739 5636 49
7770 4244 65
3897 764 105
6627 764 105
3528 5288 53
5202 7115 32
6383 5810 47
5874 7376 29
4974 8420 17
7354 6506 39
3275 7550 27
7770 6245 42
4218 155 112
6642 2591 84
3388 764 105
7386 8507 16
9982 3896 69
8019 4940 57
3276 8246 19
2827 3026 79
6466 7028 33
1782 3983 68
1053 851 104
1479 8507 16
7930 4853 58
6942 7376 29
4851 7637 26
4738 5288 53
6213 3635 72
2508 6854 35
297 4679 60
7090 9551 4
8823 6593 38
142 4505 62
1094 3896 69
1801 8420 17
4676 242 111
2279 1808 93
2276 2504 85
9447 1982 91
1421 3200 77
4933 5375 52
1628 1460 97
9539 6506 39
7307 5984 45
3931 4505 62
5937 3983 68
5223 8594 15
2181 155 112
809 5375 52
5378 2330 87
7361 8681 14
9460 4070 67
4529 9203 8
8357 5375 52
7690 5549 50
4071 6071 44
3685 5027 56
9913 6071 44
7802 6158 43
5829 6854 35
5649 3548 73
4848 4766 59
1599 8420 17
4286 2330 87
8545 9377 6
2696 1982 91
3251 242 111
3347 4070 67
8399 4853 58
9828 6419 40
7559 5027 56
6310 1199 100
8842 3635 72
9421 3896 69
3508 5984 45
2335 9812 1
6448 4940 57
4605 9203 8
3263 1721 94
8854 4592 61
9867 9464 5
3385 6506 39
3541 8507 16
4120 4157 66
1384 3200 77
3022 7289 30
8572 1808 93
3005 8942 11
5561 6593 38
2407 3635 72
4149 7898 23
2466 4418 63
8662 1808 93
2201 3809 70
7950 5984 45
8316 9029 10
5669 3287 76
2637 5549 50
74 2765 82
9529 9116 9
5224 9638 3
3304 8942 11
1491 9377 6
5336 8681 14
5676 8246 19
3384 5375 52
451 416 109
845 7811 24
839 3026 79
4610 5636 49
3398 2243 88
9368 2939 80
851 4505 62
5173 8159 20
1142 9551 4
3732 8768 13
4265 1895 92
1935 7724 25
6706 938 103
9462 4505 62
8361 9551 4
5527 3548 73
9126 7376 29
7714 6419 40
9877 4070 67
5885 1982 91
1105 1286 99
9706 2852 81
9562 329 110
202 8594 15
778 503 108
7969 2591 84
7502 2156 89
9262 4853 58
8028 6245 42
6914 1895 92
1500 9116 9
4067 7811 24
6078 416 109
1761 8594 15
8487 6680 37
8834 4505 62
525 3809 70
3350 2852 81
3190 851 104
3811 4244 65
1796 4766 59
6585 4679 60
9271 5114 55
8757 6941 34
1272 1286 99
1927 8768 13
1902 4766 59
8996 3983 68
4849 4331 64
3559 4940 57
9267 7289 30
1077 5636 49
5083 1982 91
1759 2069 90
6299 4940 57
9994 6332 41
7661 5462 51
8667 938 103
7491 1025 102
8038 7115 32
2787 5897 46
4946 2069 90
594 8246 19
1223 9377 6
3343 6854 35
9425 3026 79
6906 5636 49
2001 1547 96
4771 6593 38
6777 6854 35
1023 5636 49
3308 764 105
4156 8594 15
3234 242 111
2205 5462 51
8967 2852 81
4289 590 107
4161 4679 60
3902 8420 17
8826 8072 21
5837 590 107
2547 4505 62
8887 938 103
2383 242 111
9589 242 111
237 7463 28
6933 590 107
6317 2330 87
5943 590 107
6411 4505 62
6121 7811 24
8899 503 108
7080 3200 77
134 1025 102
5675 9290 7
345 9203 8
7830 9116 9
4563 1112 101
9259 5462 51
229 8768 13
9398 68 113
8899 4505 62
9769 1286 99
2644 6158 43
8301 9290 7
321 2765 82
7172 6158 43
4295 4331 64
8199 3026 79
7132 2852 81
2800 2069 90
7291 6941 34
7511 4853 58
1446 2591 84
5713 6506 39
2404 9551 4
3640 4070 67
3127 6332 41
7698 3983 68
7261 590 107
4496 590 107
7962 4940 57
7131 9551 4
6471 7724 25
3920 9638 3
9826 6593 38
4470 6593 38
7755 6680 37
1640 7376 29
1595 8507 16
4395 7724 25
3964 1199 100
1277 4766 59
8332 1721 94
4996 6593 38
9093 7724 25
5251 3113 78
6454 8159 20
3526 3722 71
8544 5549 50
8094 8507 16
161 3200 77
8172 4157 66
6585 6245 42
8578 3200 77
1323 8072 21
1500 9377 6
3176 9116 9
5341 1982 91
4841 2069 90
3733 590 107
4732 6245 42
7296 4592 61
3299 2243 88
145 7898 23
6111 4157 66
8713 9377 6
6682 5288 53
6227 4940 57
9851 6767 36
6308 5288 53
2321 8333 18
6604 2330 87
6043 4157 66
5337 2852 81
9818 5114 55
4501 7637 26
162 1721 94
5239 7550 27
5857 6419 40
4597 851 104
322 8594 15
7347 6506 39
5159 3548 73
9503 8681 14
5612 6332 41
5580 3722 71
567 1547 96
1061 5027 56
1892 9029 10
5114 8594 15
3656 8246 19
9990 1721 94
4452 68 113
1146 2678 83
5169 1025 102
970 6767 36
3318 9029 10
7647 6419 40
4550 5549 50
2232 3200 77
5981 7289 30
2505 3026 79
8184 938 103
7184 7202 31
4977 2939 80
4561 4766 59
1344 677 106
4985 7811 24
6349 2591 84
6133 1895 92
96 329 110
2544 8768 13
1466 5984 45
3794 5375 52
7049 1982 91
9008 68 113
4577 2678 83
5945 7376 29
1984 6419 40
6162 8681 14
6528 6680 37
4243 3635 72
888 9290 7
6659 8246 19
6181 8420 17
9452 3113 78
4857 7289 30
5529 7289 30
8638 4331 64
8744 3461 74
6004 2069 90
6836 6245 42
235 8942 11
8888 4505 62
5542 3374 75
4991 3461 74
8211 8333 18
7968 2417 86
8966 3287 76
2057 5114 55
3726 9029 10
5466 5810 47
7247 9029 10
8211 1373 98
8794 2591 84
3130 5288 53
78 8507 16
8634 2330 87
5202 4766 59
2015 4331 64
9426 851 104
7884 329 110
8818 8768 13
6976 8768 13
16 590 107
1346 7289 30
5003 1547 96
4229 7898 23
4213 2069 90
4050 7289 30
4962 4853 58
9222 4157 66
5420 1721 94
8904 5027 56
663 9029 10
2440 7637 26
6489 5462 51
1932 8420 17
9146 8333 18
8573 8333 18
3697 7028 33
3940 8246 19
4250 3635 72
5354 1025 102
6502 4070 67
6680 9116 9
3979 5201 54
7888 9464 5
2041 1547 96
9472 242 111
9051 4418 63
7807 5549 50
9637 8333 18
4822 329 110
811 1808 93
2628 4418 63
2762 7202 31
9297 8855 12
7615 4592 61
2924 242 111
24 938 103
2155 4592 61
850 4157 66
3953 8333 18
7143 5027 56
6772 1373 98
3697 6332 41
7335 5636 49
5734 2243 88
868 5462 51
5120 3809 70
3947 5810 47
4427 8855 12
1428 6593 38
6728 4505 62
4032 6071 44
1027 8420 17
3217 3896 69
88 5201 54
482 4070 67
7089 4592 61
1426 4853 58
1660 3026 79
239 1373 98
2151 4679 60
4608 2243 88
8658 3200 77
7572 68 113
6141 2678 83
5518 8942 11
8107 590 107
3817 7289 30
8266 7115 32
3043 5027 56
807 2330 87
1600 6419 40
3246 7376 29
3448 68 113
1738 3374 75
1831 677 106
7394 7115 32
7977 5810 47
7602 3374 75
225 2852 81
7845 5549 50
3534 5636 49
6191 9377 6
9215 7202 31
1032 3983 68
5466 5114 55
587 5723 48
174 590 107
6885 3200 77
9258 1460 97
8560 3200 77
7720 9290 7
6204 5201 54
5997 2591 84
5392 1982 91
4532 4244 65
8552 7985 22
8290 3287 76
5260 8420 17
1668 8333 18
6579 8072 21
3797 7637 26
1712 6419 40
7587 1808 93
3252 9377 6
6909 3635 72
696 416 109
9291 1025 102
5605 8420 17
4700 1373 98
2337 329 110
9413 2243 88
1083 2591 84
2652 5462 51
8432 6680 37
4256 9203 8
7781 242 111
7642 7898 23
5597 4766 59
5191 3026 79
5424 8420 17
6451 4331 64
3542 1634 95
774 2852 81
4469 1286 99
1322 1460 97
8165 4766 59
8332 7985 22
3661 7376 29
4992 7985 22
4786 5462 51
6645 155 112
4851 8768 13
4910 8159 20
2927 9377 6
4009 416 109
8762 8768 13
3848 7202 31
4605 1112 101
7467 2504 85
8774 68 113
1170 4418 63
450 9638 3
5019 9812 1
430 329 110
2310 8855 12
1118 7550 27
7265 242 111
2618 68 113
6580 3200 77
8955 5462 51
8029 416 109
8019 1808 93
6470 8420 17
513 2243 88
381 7289 30
998 9290 7
3085 7028 33
345 6680 37
9512 2504 85
2924 7463 28
5387 9812 1
9642 5984 45
300 6332 41
8298 590 107
337 4331 64
8149 2156 89
2331 6332 41
1875 8681 14
388 3461 74
7797 3635 72
3862 3374 75
2456 1199 100
3936 3200 77
5953 2330 87
2734 677 106
8201 8420 17
9988 6593 38
579 5288 53
1396 9725 2
3597 4592 61
8379 8420 17
7433 9464 5
7172 3896 69
6258 6767 36
92 7289 30
7480 8333 18
9866 4331 64
215 4418 63
5263 5288 53
5641 4766 59
5854 4244 65
9366 1808 93
8525 7811 24
8962 6854 35
7147 3374 75
3619 5897 46
512 6332 41
73 7376 29
994 9725 2
8932 4940 57
6101 8159 20
461 68 113
7499 8942 11
9855 8594 15
6041 2939 80
7882 677 106
4464 1547 96
9665 4766 59
186 6245 42
170 2765 82
2992 5027 56
2042 6245 42
4893 2069 90
2179 5984 45
5818 5723 48
4846 2417 86
6203 1286 99
8018 5984 45
5523 7028 33
8300 503 108
4889 1895 92
9464 4418 63
5923 4679 60
116 938 103
7902 5897 46
7136 7898 23
979 3722 71
5961 3113 78
8777 4592 61
709 9725 2
9252 1025 102
4590 329 110
6700 4070 67
5886 9029 10
6013 2504 85
4558 9116 9
6222 4505 62
1968 8159 20
4989 7811 24
9683 1721 94
6278 2852 81
2220 3548 73
9336 5375 52
6245 4679 60
4337 6419 40
1212 938 103
3180 7550 27
2557 2069 90
4572 4592 61
9333 2504 85
9282 2504 85
7890 3113 78
330 851 104
6294 8420 17
151 5810 47
9610 9203 8
4688 1199 100
5341 4331 64
7472 2939 80
6494 68 113
7630 3722 71
3146 3200 77
6313 4853 58
9042 68 113
9036 2330 87
7765 9116 9
1563 5288 53
8189 1634 95
2195 9290 7
6333 3635 72
1886 9551 4
9421 8594 15
1870 242 111
1843 6680 37
5072 3374 75
3429 329 110
837 6941 34
9321 7289 30
1573 9377 6
1802 3548 73
4550 8072 21
7817 590 107
2583 938 103
1972 1895 92
3228 3113 78
158 8333 18
7246 6071 44
1396 4418 63
7959 1025 102
7442 5984 45
1446 7898 23
2225 8246 19
6045 2243 88
7623 5027 56
838 6593 38
472 4853 58
9832 8855 12
6587 3287 76
4347 4157 66
4216 3635 72
3216 851 104
1187 1547 96
8148 3896 69
892 1895 92
2338 1895 92
2182 4157 66
4771 3809 70
7210 3635 72
2107 7550 27
6442 9464 5
6449 9551 4
4622 6071 44
7732 3548 73
2767 1721 94
6531 68 113
4073 5201 54
6735 9029 10
6424 1373 98
8085 8159 20
7933 8594 15
5076 2852 81
7254 9203 8
9195 6506 39
4886 9116 9
1656 4592 61
7281 2417 86
4009 9638 3
7340 1025 102
6911 5636 49
7231 6419 40
7427 7028 33
5765 8681 14
2384 8159 20
907 9203 8
2161 7985 22
6317 8159 20
3030 7376 29
9614 7550 27
1186 2939 80
3089 329 110
8777 3722 71
1070 6941 34
9235 4331 64
1743 1460 97
6677 7637 26
8526 9551 4
6594 2504 85
338 3896 69
5116 2156 89
3370 5810 47
9706 9377 6
7266 7637 26
3747 9029 10
3697 8681 14
8500 5114 55
8391 590 107
4521 4331 64
9560 6419 40
393 4679 60
9839 590 107
2187 2330 87
7579 7463 28
6269 4418 63
7148 8333 18
9562 3461 74
2795 9203 8
9114 6680 37
9907 5288 53
5687 4157 66
9519 7376 29
9668 1112 101
6642 6941 34
7732 5114 55
9242 6680 37
6335 7550 27
7876 7376 29
3063 2417 86
5823 9290 7
9577 3635 72
5384 5897 46
3470 6854 35
373 3896 69
7418 3896 69
3297 4418 63
77 6767 36
5526 503 108
8325 4592 61
5042 7028 33
7622 8681 14
7723 5375 52
2255 4331 64
3675 3983 68
1028 9638 3
1949 7637 26
5378 3374 75
1693 416 109
4476 6506 39
1797 9203 8
7060 3026 79
8614 2069 90
2231 590 107
4059 7376 29
8481 1547 96
8221 5636 49
5682 4418 63
4024 8159 20
5183 2330 87
4832 6506 39
2012 6419 40
5435 8594 15
1569 9725 2
7468 2591 84
7101 1721 94
2113 6332 41
7066 4157 66
473 1199 100
3166 3722 71
6839 2678 83
5445 6332 41
9706 3983 68
2178 7637 26
4794 9029 10
9893 4244 65
2671 7550 27
7804 4679 60
1754 1547 96
4497 2330 87
5300 1199 100
724 6767 36
6077 5636 49
164 7811 24
6636 155 112
6528 1286 99
4566 7637 26
1824 1286 99
8950 9290 7
5422 4418 63
8682 8159 20
4744 68 113
4282 9029 10
636 7811 24
4404 8072 21
6636 7811 24
5202 8768 13
6825 3983 68
7210 6332 41
5408 5201 54
1786 3983 68
4029 4157 66
7246 938 103
5164 9725 2
2818 4940 57
3893 3983 68
7305 851 104
3838 2852 81
866 3374 75
6735 5375 52
9275 9812 1
7657 6332 41
8083 5375 52
5661 1808 93
5881 1373 98
6102 9638 3
5926 2243 88
4919 416 109
3480 8681 14
6090 416 109
6902 2591 84
5656 7985 22
9060 329 110
2161 7724 25
8241 7898 23
3982 4331 64
5443 9551 4
4229 6332 41
6508 1982 91
5842 7028 33
428 1721 94
7531 3983 68
2198 9116 9
3092 6767 36
142 8594 15
231 6506 39
726 677 106
3182 1025 102
4771 2330 87
231 677 106
9444 8594 15
7608 6593 38
6341 503 108
5314 1634 95
4500 3461 74
8829 7724 25
9708 9464 5
1542 8594 15
9132 3026 79
5947 8855 12
9833 6158 43
1788 2678 83
6580 4157 66
6802 7463 28
7867 3722 71
2886 2069 90
7758 5549 50
2771 329 110
7478 3374 75
2168 8333 18
9419 4157 66
3880 3374 75
3868 4070 67
1838 7115 32
2553 7550 27
4357 9116 9
46 938 103
9097 5288 53
2363 3374 75
9920 9116 9
1418 9203 8
1226 6680 37
2125 155 112
8925 5723 48
583 851 104
7047 7637 26
3223 1286 99
3698 7550 27
2547 5897 46
3502 8072 21
4232 5201 54
4630 6158 43
1890 2156 89
629 1373 98
5049 3809 70
4731 3374 75
437 6680 37
4730 938 103
5383 5027 56
1998 9029 10
5748 8594 15
8824 3983 68
357 3287 76
2708 2330 87
5297 155 112
4219 2156 89
1465 1634 95
599 4766 59
9987 6332 41
1453 9551 4
3116 329 110
6182 4244 65
452 5810 47
2969 590 107
4802 1460 97
8675 155 112
7430 5897 46
535 4766 59
5185 8594 15
2048 2765 82
2265 2417 86
5015 9464 5
6597 2330 87
8357 3026 79
5833 3722 71
3888 590 107
6762 6767 36
4477 677 106
4176 4940 57
9952 2330 87
116 1982 91
980 8159 20
8258 7724 25
6858 677 106
4301 2069 90
8231 242 111
3062 8681 14
1369 8159 20
5172 6854 35
3669 8594 15
8746 416 109
2941 329 110
1367 4157 66
8307 7115 32
3961 7898 23
847 5897 46
2407 8246 19
1482 2069 90
4597 5462 51
6265 2243 88
4769 7811 24
3723 6071 44
7673 5810 47
6186 9116 9
5274 2417 86
5301 8420 17
4732 4418 63
3372 155 112
3890 2678 83
7143 3200 77
8518 6767 36
8106 677 106
446 8855 12
1865 416 109
5115 4766 59
4033 7550 27
7160 7115 32
2837 2852 81
7504 6680 37
2725 5114 55
8517 2591 84
7831 6854 35
3995 4853 58
5527 329 110
4636 5636 49
2913 6245 42
4033 3374 75
346 6419 40
6264 6419 40
5859 5549 50
9585 6506 39
1207 5288 53
8438 6941 34
9043 3722 71
2644 7724 25
717 3722 71
4402 9725 2
4162 68 113
9463 6158 43
5319 1982 91
1918 5462 51
4010 7376 29
9479 8507 16
9534 3026 79
402 764 105
7991 3983 68
5438 6941 34
8044 4592 61
9927 8855 12
2652 5114 55
2216 5288 53
5549 3722 71
8046 8333 18
5141 3374 75
5808 3461 74
7471 8942 11
8275 6071 44
7444 1460 97
9246 4070 67
8465 6245 42
8706 5636 49
7275 6332 41
487 6767 36
7119 6593 38
8278 1721 94
9272 3896 69
2358 8159 20
4977 9029 10
5392 3809 70
3728 4331 64
1881 2678 83
5804 4940 57
4180 9725 2
6294 5984 45
503 7463 28
3511 7289 30
5605 1634 95
410 155 112
8750 8159 20
2084 7637 26
8586 4418 63
195 7376 29
6745 2852 81
6769 9812 1
1101 677 106
8087 1982 91
1111 4853 58
3121 4157 66
2520 5636 49
80 3287 76
9023 2852 81
3826 5549 50
7597 6941 34
9258 1460 97
9071 6245 42
3064 8507 16
7380 8855 12
6558 3374 75
2875 155 112
2443 329 110
3528 677 106
6417 1025 102
170 3113 78
2966 2330 87
1491 9377 6
3339 68 113
9004 8942 11
2907 4766 59
146 7550 27
3468 3896 69
655 2417 86
8384 1112 101
4663 8507 16
8145 4766 59
3872 6854 35
8601 7637 26
7680 7202 31
4974 503 108
4717 1199 100
2792 503 108
218 3896 69
3036 9812 1
1583 3983 68
5967 4766 59
9210 1460 97
8633 2678 83
2118 4418 63
8778 416 109
5179 2591 84
3595 7724 25
8740 3374 75
7237 6158 43
2345 9290 7
6243 3374 75
8139 851 104
2047 6419 40
8079 5723 48
4401 9116 9
6234 5810 47
7987 4592 61
7875 4157 66
8657 5984 45
9224 8333 18
7560 3374 75
5491 7115 32
9685 5462 51
2526 938 103
1238 5897 46
7268 2504 85
3617 7463 28
9726 2069 90
4911 5288 53
7851 5984 45
1134 416 109
4834 4070 67
7344 8942 11
5181 590 107
8128 1460 97
9756 1286 99
5017 7376 29
5478 3374 75
4509 8507 16
4522 9638 3
40 9203 8
3930 5288 53
1043 6332 41
7450 9638 3
4038 6680 37
3137 5723 48
3726 2678 83
7924 6854 35
2267 764 105
5176 1982 91
194 9638 3
1569 4592 61
7793 2504 85
7537 3026 79
2603 7463 28
3786 6332 41
2455 3896 69
9133 5288 53
8522 4418 63
5927 5810 47
8083 2591 84
3999 7985 22
1391 5462 51
1609 9116 9
6167 6680 37
2594 3113 78
4650 6158 43
7019 1547 96
4807 7985 22
8583 2591 84
3754 155 112
4422 8594 15
8060 7115 32
2383 4244 65
9578 8420 17
9483 2939 80
2102 7028 33
9885 4331 64
4272 938 103
2510 242 111
2803 6854 35
8399 2852 81
2104 3461 74
2503 7028 33
7166 6332 41
6607 7724 25
9122 6506 39
7568 8594 15
6561 4940 57
8869 2069 90
9512 9116 9
9573 938 103
9563 9551 4
5684 3809 70
2669 1112 101
742 5549 50
4052 3896 69
7199 4679 60
1678 6593 38
5072 9116 9
7977 7724 25
9290 1634 95
1177 4766 59
4386 6941 34
4573 3026 79
6695 7463 28
3966 9029 10
8033 4940 57
8177 7028 33
3145 4853 58
8587 2069 90
3326 4853 58
7794 6332 41
4531 4505 62
6283 6245 42
4527 416 109
4838 5897 46
4605 4766 59
7695 155 112
262 1199 100
8935 5723 48
9948 1547 96
241 4853 58
8341 2504 85
137 677 106
3432 1199 100
9234 2591 84
9740 4331 64
6502 677 106
471 8681 14
4580 2765 82
3434 1025 102
7716 6767 36
2863 1025 102
8609 1286 99
5898 4157 66
6013 2852 81
4877 8246 19
2812 677 106
9750 9551 4
5470 8594 15
343 68 113
8926 7376 29
3748 6245 42
3171 1112 101
4770 2330 87
6649 8333 18
2747 6158 43
2318 9203 8
262 2939 80
5360 938 103
8229 3983 68
6912 4853 58
9598 8942 11
3611 2939 80
6775 1025 102
6269 4766 59
1338 8246 19
2753 7463 28
7412 2591 84
5224 8855 12
7671 4418 63
2777 4157 66
2694 8072 21
4692 3461 74
4630 6158 43
2728 9464 5
5012 6158 43
1697 4418 63
7358 3896 69
7016 4244 65
9325 2243 88
1922 8768 13
9661 5810 47
4023 1286 99
7514 2417 86
6371 5723 48
9440 8246 19
5668 9812 1
4416 7115 32
4999 1982 91
4893 5897 46
8051 6419 40
8423 9203 8
4223 503 108
8331 9203 8
8837 8159 20
5294 3809 70
3210 4766 59
4901 5375 52
4468 6419 40
4983 4592 61
2354 8855 12
5626 4592 61
3459 3304 113
