2000 9968
7420 8258 109
2650 7362 123
9191 3266 187
879 8322 108
6602 5122 158
5863 1602 213
9085 386 232
866 1218 219
2517 6338 139
3706 5378 154
6897 9218 94
1021 3842 178
9285 8578 104
4423 4034 175
3594 4162 173
2656 3906 177
5449 3522 183
3602 514 230
6392 3458 184
4990 3330 186
6284 4674 165
4011 6722 133
169 770 226
8669 8194 110
1951 4674 165
1392 1474 215
2078 834 225
6337 7618 119
993 9602 88
3344 4546 167
1319 9090 96
9637 8578 104
874 578 229
7845 6402 138
4953 6210 141
6401 4418 169
6634 8834 100
4984 7106 127
2981 8194 110
173 9474 90
5424 7234 125
6248 5122 158
7969 4674 165
704 8898 99
5130 834 225
150 9026 97
1919 4994 160
1469 6722 133
1998 3010 191
3904 5762 148
7997 8642 103
9809 1154 220
4756 4098 174
6323 6082 143
2997 194 235
8247 4866 162
127 6530 136
3042 3074 190
8887 6082 143
5835 9282 93
723 3650 181
9472 8258 109
3889 9538 89
5613 8898 99
3495 7746 117
8668 9474 90
6755 9538 89
1249 322 233
5843 7938 114
9304 1410 216
3160 1282 218
7890 6210 141
7911 9538 89
4842 2114 205
1653 770 226
8729 9666 87
365 2306 202
9301 3330 186
7990 7682 118
5142 5890 146
8746 8770 101
9262 3394 185
1886 1538 214
8893 7618 119
3258 9090 96
714 5698 149
5247 4162 173
4252 8706 102
1477 7810 116
6533 1538 214
9093 8706 102
3612 2562 198
8624 4866 162
4326 2114 205
5818 9346 92
9916 7618 119
6388 2370 201
7546 1282 218
1892 9858 84
4120 2306 202
596 1154 220
2147 2754 195
7507 2882 193
4842 8386 107
4530 2498 199
5629 4098 174
9849 6914 130
941 8706 102
7637 4802 163
9866 2626 197
452 4418 169
9348 7362 123
1895 9794 85
3669 7938 114
7267 2946 192
4865 4802 163
3606 9410 91
828 2818 194
5148 9794 85
2624 514 230
3328 9410 91
3830 9538 89
4114 6018 144
8420 6082 143
3644 4674 165
8601 4802 163
958 8066 112
7159 5826 147
3154 8322 108
1859 3074 190
3669 5442 153
2283 8514 105
7879 3714 180
2858 6722 133
2972 7874 115
6939 9090 96
5845 4610 166
6874 2242 203
6515 2818 194
9688 8066 112
4504 3458 184
2402 8066 112
8442 2178 204
5627 7106 127
8121 3138 189
7418 6850 131
6617 7938 114
9604 5314 155
7807 9090 96
5231 9090 96
3574 5442 153
9090 5698 149
8892 2690 196
4775 7490 121
5542 5634 150
5048 1346 217
9092 7874 115
1671 6146 142
1577 8834 100
8973 3394 185
681 5058 159
4151 7810 116
6418 3394 185
5825 9538 89
943 7426 122
1746 770 226
341 6914 130
2325 8514 105
1939 5826 147
2524 2754 195
2757 7426 122
7166 9154 95
8231 9858 84
690 6594 135
244 7426 122
153 7874 115
9680 5890 146
5940 5826 147
5089 9858 84
2065 8386 107
6277 7810 116
2693 5250 156
3411 9602 88
7312 6274 140
5807 6018 144
5925 2690 196
4740 66 237
9731 9858 84
6559 6722 133
7333 3074 190
9892 1218 219
2816 7554 120
5007 258 234
7521 8322 108
9411 8002 113
8214 1282 218
9953 2562 198
6885 1346 217
5987 578 229
3171 7746 117
5979 4290 171
9492 8450 106
1807 1090 221
2908 5570 151
4130 3394 185
8794 7106 127
5032 8066 112
539 3842 178
9252 1218 219
1050 4738 164
7479 2754 195
2836 8578 104
8618 5890 146
2360 4674 165
6478 4674 165
6583 7874 115
5503 5442 153
2314 66 237
3109 1986 207
5629 4866 162
6798 2498 199
7027 9602 88
7384 1730 211
520 8770 101
3648 5698 149
4810 7874 115
8997 1730 211
2122 7234 125
895 1474 215
3421 4546 167
4406 3714 180
9517 898 224
4485 4162 173
8338 4674 165
6063 9346 92
2178 962 223
4208 5378 154
5225 3266 187
2792 898 224
3186 1538 214
5620 1986 207
4194 1666 212
1889 5186 157
8811 3778 179
4535 1986 207
5568 6146 142
205 7618 119
3565 2818 194
9044 9602 88
1822 9666 87
2470 8450 106
2466 4994 160
2356 4802 163
3250 1346 217
4698 8514 105
3970 9218 94
83 4354 170
4767 6594 135
4033 9794 85
5166 962 223
8761 9154 95
5878 7874 115
4665 8386 107
3198 8130 111
845 9858 84
3313 7362 123
1059 8642 103
3302 1218 219
471 9666 87
8771 4162 173
1496 8322 108
1507 5634 150
3162 4162 173
1820 6146 142
5329 7618 119
7793 4354 170
9445 3266 187
8485 2050 206
506 4610 166
2137 6914 130
3372 2946 192
5686 258 234
4941 2562 198
3565 2498 199
290 5122 158
3496 4226 172
9178 7298 124
948 9090 96
4504 7682 118
3488 6722 133
9596 8450 106
6881 9794 85
9332 7426 122
4401 9474 90
4788 9922 83
6503 1218 219
9711 3650 181
1004 8642 103
1723 3330 186
4876 3010 191
9696 9602 88
7615 1730 211
4755 5122 158
2119 2 238
1673 3842 178
3262 8130 111
4805 4674 165
4334 8578 104
5589 8258 109
8708 4290 171
8614 9090 96
2031 642 228
9161 386 232
5152 578 229
2794 3394 185
5968 1538 214
2734 3202 188
6841 6146 142
249 194 235
733 3330 186
2273 9282 93
7036 130 236
6741 7810 116
6247 3074 190
5483 8514 105
2134 6338 139
4644 9666 87
3760 9282 93
3565 130 236
2211 3074 190
2204 2754 195
9735 1026 222
5453 9282 93
3699 3394 185
7824 1858 209
5328 1026 222
9480 4162 173
5608 4162 173
7452 4674 165
9027 3138 189
8892 1282 218
2217 1218 219
6940 8834 100
5774 5762 148
3850 578 229
5786 9346 92
2414 9602 88
8544 3650 181
9524 1986 207
5273 9218 94
2858 1602 213
376 4482 168
4 4674 165
1874 834 225
7841 8322 108
6309 6530 136
5049 6402 138
7757 130 236
4762 4546 167
882 2946 192
750 322 233
6114 5826 147
10 386 232
769 1346 217
8093 2498 199
6740 2946 192
1293 2690 196
8788 2114 205
435 8898 99
9522 6786 132
4550 5058 159
3596 8770 101
9360 2050 206
6815 7170 126
7993 1922 208
8395 9090 96
9389 7106 127
4478 1218 219
9408 1282 218
8641 3586 182
9357 1154 220
770 7106 127
7678 8450 106
6991 706 227
6941 7170 126
7891 1922 208
7193 8514 105
3014 7810 116
9540 1602 213
5562 6530 136
6317 7234 125
2570 9282 93
7616 9858 84
2150 5826 147
8155 5058 159
8664 66 237
3814 6146 142
2600 3778 179
670 2754 195
1164 9410 91
5475 6274 140
1447 3202 188
4346 5058 159
8097 3138 189
409 4418 169
579 9986 82
4612 9282 93
4529 4226 172
6467 3010 191
7226 6274 140
4979 5954 145
7653 2562 198
65 322 233
6748 5442 153
5449 66 237
9750 3650 181
9566 8066 112
1844 6850 131
4047 5442 153
2020 3074 190
4717 2114 205
3041 8002 113
6866 1538 214
5537 2306 202
1690 6146 142
2227 1474 215
2208 6466 137
3845 8002 113
4720 1538 214
744 2178 204
3638 5442 153
278 6594 135
7453 2754 195
6845 7618 119
2000 5314 155
4029 3074 190
4853 8386 107
3744 9218 94
1098 6210 141
5622 9730 86
8710 8322 108
8505 4482 168
2883 9666 87
372 2626 197
142 4802 163
8811 7042 128
4400 8898 99
6465 6594 135
6928 6722 133
2066 5826 147
2963 3394 185
9719 6338 139
5065 4482 168
6461 2690 196
5245 3586 182
7039 2754 195
8541 3394 185
8756 9282 93
5266 2946 192
7284 5762 148
4223 514 230
4943 2690 196
5744 7042 128
2244 2114 205
9794 4098 174
9040 4162 173
3885 2946 192
9099 4610 166
4129 3522 183
1272 194 235
3506 7362 123
5928 3842 178
1775 6018 144
9549 4674 165
8769 6146 142
4584 450 231
1983 2690 196
887 4866 162
6433 1922 208
8029 6082 143
3700 9858 84
3151 6018 144
8078 7618 119
1072 8642 103
2512 7618 119
5006 2 238
8957 1730 211
3342 1154 220
5434 6018 144
4603 7298 124
283 6594 135
4128 130 236
4942 2434 200
7258 3330 186
7348 386 232
460 66 237
7794 7874 115
2095 6018 144
389 6914 130
2966 2050 206
1657 3394 185
3543 5250 156
1359 2946 192
532 3842 178
8585 2690 196
7627 1730 211
4079 7106 127
8406 7298 124
7923 706 227
9273 1730 211
3131 770 226
4307 3842 178
2278 3266 187
581 1986 207
3080 4226 172
4047 2626 197
6607 1858 209
2418 8130 111
930 9154 95
481 4994 160
9284 514 230
3090 9794 85
4407 3906 177
8329 3906 177
9053 4354 170
6823 1794 210
3880 8322 108
7715 9986 82
9487 2818 194
3054 9602 88
1951 1858 209
9927 7490 121
7915 1026 222
2669 7042 128
6234 8322 108
4571 6018 144
3015 770 226
7674 5634 150
5419 6722 133
3038 1602 213
5750 706 227
5257 3714 180
5531 4418 169
252 4738 164
3613 322 233
8341 9282 93
5961 3842 178
8605 8450 106
3274 9538 89
1106 6530 136
4750 7426 122
6940 6018 144
7737 7170 126
3323 9922 83
7880 2754 195
6271 4162 173
7544 6722 133
1191 2050 206
4641 5762 148
6619 3330 186
3409 4034 175
8115 9730 86
7727 3970 176
253 2754 195
9864 3394 185
4009 4098 174
151 8450 106
1355 2498 199
2694 7170 126
1400 642 228
411 1602 213
9367 3842 178
9459 2882 193
5953 9922 83
1484 8514 105
1181 5954 145
3354 3842 178
2278 2754 195
8885 9666 87
4696 7042 128
2357 2114 205
5272 5506 152
9780 1410 216
9876 194 235
3427 5570 151
9538 9282 93
5426 1282 218
1747 8706 102
2683 578 229
1101 9602 88
7915 9666 87
198 4674 165
4925 8066 112
4034 3202 188
3253 6914 130
3453 9218 94
4352 2946 192
1105 130 236
5421 2498 199
1293 7618 119
9487 3458 184
4274 6850 131
5270 6338 139
3605 3522 183
4576 9282 93
8269 2690 196
3171 9666 87
533 8194 110
8558 3714 180
7418 5698 149
1292 7106 127
4975 8834 100
7284 194 235
8096 7746 117
4723 4482 168
1905 9090 96
783 3010 191
3877 8706 102
2192 4290 171
8795 1410 216
4053 4418 169
2086 2754 195
2348 2626 197
9791 258 234
6106 4098 174
7671 8386 107
6957 1090 221
2103 5442 153
4706 7426 122
9081 9986 82
5644 4290 171
981 3010 191
6422 4994 160
6291 5314 155
4334 9794 85
7716 9794 85
6972 5122 158
8406 8834 100
8678 1090 221
1711 6146 142
342 8194 110
5956 2818 194
8550 3586 182
4600 8962 98
3739 7426 122
412 9346 92
5044 6466 137
4826 9026 97
585 3778 179
1670 194 235
9249 2114 205
4730 9602 88
8520 7490 121
7484 5314 155
9344 4994 160
9781 4546 167
8057 8002 113
1138 6914 130
4346 3202 188
3379 6850 131
6039 9794 85
497 4802 163
1948 2114 205
3384 4866 162
222 450 231
7285 1666 212
726 7874 115
5231 8834 100
3386 5634 150
9023 1858 209
5895 1730 211
9557 9794 85
3265 4610 166
8297 5442 153
2325 130 236
8471 6018 144
3416 1858 209
5680 8194 110
1330 6722 133
1832 9410 91
1867 7490 121
3456 1794 210
2164 5634 150
8141 9026 97
8403 514 230
9715 1218 219
6777 8002 113
448 5250 156
7673 9410 91
5309 66 237
1791 1986 207
9539 5250 156
7941 7490 121
609 9218 94
6383 9218 94
7143 9666 87
1194 4482 168
5437 1026 222
5776 6914 130
7833 4418 169
3069 258 234
7402 8322 108
6649 4098 174
2044 5186 157
4845 6146 142
9697 6466 137
6823 2690 196
1498 7874 115
3210 7938 114
4852 3458 184
327 3650 181
2942 1026 222
3489 1026 222
1361 5058 159
1931 2946 192
4299 8898 99
1733 6274 140
7593 2818 194
1080 7042 128
8486 8962 98
9077 5122 158
4461 514 230
3790 9666 87
2633 8578 104
4237 2306 202
5930 7106 127
6131 2498 199
8104 4098 174
2859 9730 86
312 1538 214
3206 3074 190
4948 1858 209
8866 5378 154
7968 8578 104
4158 8450 106
2407 3522 183
7473 7042 128
5801 1346 217
6838 8386 107
7009 2178 204
1965 9346 92
6403 706 227
329 66 237
5393 4162 173
1225 3970 176
4038 706 227
4834 7234 125
3366 4546 167
9135 6402 138
6716 66 237
1712 6722 133
6469 1026 222
7012 2306 202
9104 8962 98
5359 9602 88
7667 9410 91
9407 9986 82
7533 2434 200
917 6018 144
9610 1922 208
699 770 226
7024 1666 212
56 6338 139
1376 9410 91
9474 3138 189
8855 7810 116
3114 4162 173
6309 2946 192
2216 8898 99
1219 2498 199
4669 4994 160
1547 9858 84
7458 5570 151
18 9218 94
5331 578 229
8987 6914 130
7126 2498 199
3907 1666 212
7931 1090 221
9117 8322 108
9778 7874 115
5149 450 231
5103 2306 202
936 6786 132
6412 7682 118
7118 450 231
7486 770 226
9659 4098 174
2880 9218 94
8505 6722 133
6246 9218 94
8071 1218 219
4780 962 223
4038 8386 107
3399 1474 215
3698 9346 92
6524 1346 217
9451 7042 128
8725 4802 163
4638 6786 132
7395 834 225
2868 8194 110
9543 194 235
5786 3650 181
2189 4290 171
736 5826 147
602 6530 136
3552 3074 190
879 8514 105
8242 5378 154
6003 8066 112
8303 5506 152
9156 2562 198
5521 3906 177
9059 2370 201
2994 7170 126
3202 4546 167
6309 2370 201
8126 4482 168
8318 7938 114
4029 6914 130
7446 2498 199
7866 7874 115
6384 8258 109
5726 5762 148
4749 6722 133
1489 1026 222
7667 9090 96
2487 7746 117
3876 8770 101
5445 4290 171
4783 4610 166
8013 4418 169
9976 1794 210
2547 8514 105
3750 7106 127
9509 5314 155
3377 9794 85
997 578 229
4737 322 233
8348 6914 130
618 3266 187
1518 1474 215
4150 3778 179
302 898 224
8887 4994 160
258 450 231
7946 1794 210
8381 3970 176
7752 6530 136
9872 1474 215
1350 3074 190
4888 1410 216
197 9730 86
287 1410 216
3429 4546 167
7694 4546 167
42 5122 158
1841 6658 134
2039 7042 128
482 1538 214
2839 8258 109
7321 4418 169
1185 9922 83
3759 258 234
5759 2050 206
8703 2498 199
9479 706 227
2249 7426 122
6550 258 234
815 4034 175
873 7618 119
2572 3778 179
2875 6978 129
6047 7874 115
5217 8194 110
9397 8066 112
6085 1730 211
9770 4290 171
3826 6274 140
5668 6786 132
9196 1474 215
8678 9154 95
5881 2754 195
837 1474 215
9879 4354 170
5545 1154 220
2159 8130 111
5044 2050 206
695 834 225
350 5378 154
3742 1922 208
8986 5890 146
5254 5058 159
8144 1410 216
4583 6850 131
7201 7298 124
4220 1346 217
3172 9154 95
895 578 229
3305 4866 162
1168 1730 211
2128 1026 222
686 898 224
3210 9154 95
8772 1858 209
334 770 226
9014 4034 175
6032 9282 93
996 1410 216
1461 8194 110
12 2 238
1329 7490 121
7138 6594 135
2232 1026 222
7496 1602 213
4349 8066 112
6866 6274 140
7193 6850 131
4566 7810 116
5653 2754 195
8158 4418 169
9712 1538 214
499 962 223
7279 8706 102
2577 7938 114
8114 9282 93
6642 7874 115
5390 9282 93
6532 9282 93
6453 258 234
9617 3906 177
1427 1346 217
3652 6978 129
6667 3394 185
8255 8898 99
5346 9794 85
408 1090 221
6344 6402 138
8382 7042 128
4380 5698 149
785 9282 93
6717 5762 148
2534 8002 113
865 9474 90
4025 5698 149
48 4610 166
4904 7106 127
190 1474 215
5707 834 225
4086 6018 144
2847 1666 212
1186 2882 193
4440 3714 180
8219 6402 138
275 1474 215
5586 5826 147
7666 1858 209
5308 2498 199
6197 9218 94
9590 9474 90
6631 1666 212
638 4354 170
1790 9154 95
7388 834 225
4502 8386 107
8302 9794 85
6885 3714 180
7396 2754 195
7718 7490 121
2953 5250 156
2159 5570 151
3180 7298 124
7123 6850 131
8180 6914 130
8691 4098 174
7714 9090 96
4020 7234 125
5780 1666 212
5947 8002 113
1792 1794 210
3062 6338 139
5507 8962 98
372 3714 180
1343 3906 177
1101 2242 203
2650 8578 104
9479 7042 128
7991 6082 143
5294 3394 185
2716 6210 141
270 4354 170
9076 5122 158
6949 7426 122
126 6978 129
218 6274 140
9544 4610 166
8248 3074 190
8162 4098 174
6880 194 235
6199 1410 216
9484 3586 182
8881 8258 109
7663 1858 209
7536 8002 113
5500 1346 217
4142 4034 175
2898 4930 161
7893 9346 92
1547 6082 143
3395 6146 142
7032 7042 128
1328 3842 178
7307 6978 129
314 4290 171
4619 9986 82
2634 7874 115
5768 1922 208
2863 5442 153
7277 130 236
6824 9154 95
6555 1730 211
8385 8578 104
8665 194 235
3939 7234 125
6 7362 123
8754 194 235
4859 6978 129
7954 7170 126
1219 4610 166
2337 7362 123
4444 8130 111
9074 3522 183
6350 2690 196
5409 7618 119
933 450 231
9157 9730 86
8953 7618 119
8888 770 226
2259 4738 164
1411 7234 125
609 9730 86
2623 4994 160
9063 8258 109
1427 642 228
4465 258 234
921 3522 183
7006 8130 111
7808 7042 128
5391 1090 221
9568 9218 94
8476 3906 177
7814 1474 215
9086 4738 164
6312 9858 84
376 9602 88
7387 8386 107
9541 4098 174
4705 9026 97
3635 6402 138
2703 8450 106
3926 4802 163
9119 898 224
1316 1154 220
2275 5506 152
3917 2242 203
1071 3330 186
6099 8514 105
8463 6594 135
7704 3586 182
4548 6274 140
1900 4866 162
6351 1474 215
2491 8258 109
114 6210 141
3368 5890 146
2732 1154 220
7915 5634 150
7011 9218 94
5067 1730 211
2803 5122 158
6477 3778 179
4456 3266 187
6877 8002 113
7798 4738 164
8433 1858 209
7109 1154 220
1546 2818 194
5668 3394 185
4167 1026 222
7306 9538 89
1463 4674 165
4423 2114 205
4783 1218 219
4091 6530 136
2764 8770 101
7919 6146 142
6155 7234 125
5396 4802 163
5114 8258 109
3961 6722 133
9842 9602 88
6028 6658 134
201 2306 202
6051 9154 95
3758 1922 208
1908 5314 155
1203 9346 92
7808 6530 136
2256 9154 95
1750 578 229
2718 7554 120
5166 4034 175
1618 9538 89
7040 706 227
1138 3202 188
8251 642 228
5839 4610 166
81 4290 171
1614 7810 116
2194 3074 190
4994 6722 133
1032 4930 161
3580 2498 199
2628 9410 91
5763 5058 159
1495 9666 87
6323 1986 207
4335 66 237
421 6530 136
5465 6274 140
7840 9346 92
9344 2306 202
253 642 228
7959 5122 158
9316 2626 197
8237 9154 95
6270 514 230
2367 8194 110
8130 6978 129
4070 2114 205
4442 3010 191
6043 3202 188
5169 6082 143
6822 1218 219
705 9986 82
7965 5634 150
1571 6530 136
1788 3138 189
7022 6530 136
1650 5570 151
6801 3586 182
9132 2690 196
9116 2690 196
80 3202 188
556 2754 195
6798 9986 82
6778 1154 220
5929 1218 219
9656 6402 138
2106 258 234
9539 8834 100
3588 7042 128
5928 7490 121
808 5442 153
1693 3010 191
1541 1282 218
8449 2498 199
1956 4482 168
352 834 225
3268 7746 117
6343 450 231
1460 5250 156
359 770 226
3747 3010 191
4701 5122 158
5479 7426 122
9303 6210 141
3217 770 226
3559 8834 100
1374 6594 135
2776 6338 139
3146 5186 157
8236 8066 112
9820 8898 99
3440 4226 172
9553 6530 136
327 6146 142
1630 3010 191
1400 130 236
6066 1666 212
4395 7746 117
867 3330 186
3553 6722 133
9037 8642 103
53 6914 130
6351 7810 116
1075 8450 106
9481 7426 122
8707 9154 95
6671 7938 114
9354 2946 192
3972 8194 110
4393 9730 86
3401 4674 165
9722 7682 118
2406 6850 131
3545 8578 104
5207 8706 102
1325 8194 110
5726 7106 127
120 7234 125
1990 5890 146
1312 1666 212
1713 8578 104
1345 7234 125
9488 6850 131
7875 6530 136
7419 5762 148
5201 706 227
3033 8578 104
6355 770 226
3551 9474 90
8445 7938 114
9710 2370 201
2119 7426 122
528 1154 220
968 6082 143
3480 5506 152
8673 258 234
8143 2434 200
2556 1282 218
8007 7042 128
2384 9410 91
5756 5250 156
468 706 227
3372 962 223
483 4098 174
2368 9794 85
4204 4098 174
205 3138 189
9027 7938 114
2177 386 232
6245 2690 196
2147 9090 96
3898 1986 207
5459 4034 175
3252 9026 97
903 2114 205
1236 5058 159
1903 2178 204
3628 4866 162
2715 2498 199
4310 6786 132
8946 5122 158
8813 2370 201
6364 6146 142
2433 3138 189
5091 6274 140
5199 1794 210
3188 7682 118
1548 9538 89
534 3266 187
6749 6402 138
3346 8514 105
2908 1346 217
5183 5890 146
1613 7106 127
3328 6722 133
7453 9986 82
5621 2434 200
3848 5890 146
8757 3074 190
1626 8834 100
276 898 224
3143 5186 157
3931 4034 175
2037 4674 165
7260 3394 185
7726 1986 207
2142 1154 220
4620 1858 209
5782 6274 140
6905 6146 142
5772 2818 194
1475 4802 163
1066 7170 126
6290 4930 161
8476 9666 87
2165 1858 209
6447 7362 123
1304 3906 177
2179 2306 202
5332 4162 173
2337 5570 151
4472 6402 138
610 6402 138
7859 4226 172
4623 9154 95
1916 5762 148
1564 9410 91
1026 5890 146
9175 5890 146
3795 8962 98
1456 1858 209
8431 898 224
39 7106 127
4598 9538 89
7997 642 228
3147 8258 109
9893 8770 101
1962 2306 202
2862 3970 176
5469 3010 191
1704 6850 131
9583 5570 151
8964 3010 191
7509 8450 106
4490 1154 220
4998 2818 194
2006 8066 112
7028 7042 128
4390 2434 200
7318 8386 107
6761 450 231
4153 5378 154
1602 9986 82
8155 6018 144
8819 8066 112
8536 3330 186
4322 770 226
1105 9474 90
6678 322 233
3124 322 233
4576 7234 125
3326 1858 209
9492 8386 107
9989 2818 194
6044 2370 201
7096 6850 131
8327 1922 208
6148 3266 187
444 3650 181
8772 8066 112
8716 2306 202
7701 9858 84
8491 3970 176
3942 3842 178
5907 3970 176
9968 1794 210
4302 8834 100
9030 2946 192
7631 8130 111
9643 2946 192
2237 1730 211
9425 706 227
2130 642 228
4237 1730 211
880 1410 216
5168 2690 196
6149 8962 98
3137 1346 217
8944 6722 133
4768 4674 165
1530 3906 177
598 514 230
7875 8450 106
8039 8962 98
4181 5378 154
920 4610 166
4264 6914 130
2962 7554 120
5727 2882 193
7672 1218 219
6162 9986 82
272 8194 110
6837 8770 101
1281 3970 176
4667 5378 154
5925 7106 127
565 9218 94
1994 6146 142
9654 8770 101
8606 5826 147
9726 8962 98
4267 5122 158
4281 9602 88
2858 1602 213
9443 3842 178
1102 514 230
8 7682 118
1458 8898 99
4694 6274 140
7907 8770 101
3061 4418 169
4690 4930 161
5077 9218 94
3028 6210 141
4047 2050 206
6047 7490 121
7562 6786 132
369 6146 142
9544 3906 177
9521 8706 102
3577 5954 145
9831 7106 127
2811 8578 104
6861 3522 183
3763 4738 164
6514 4226 172
1244 6210 141
5688 7362 123
7289 3714 180
5216 7554 120
6826 8322 108
3417 1730 211
4674 8322 108
8989 9154 95
950 258 234
1915 8642 103
3073 8898 99
3701 9026 97
7622 4930 161
4962 7234 125
1027 2242 203
3417 7106 127
1720 8770 101
2951 2498 199
7122 3842 178
6942 962 223
7614 9090 96
8593 2050 206
8364 4354 170
2316 9666 87
6683 1538 214
112 962 223
7886 3970 176
2787 6146 142
4368 2370 201
2476 7362 123
2363 1282 218
7456 7042 128
875 6402 138
4610 130 236
7101 1474 215
4015 1602 213
4229 3074 190
8829 194 235
6663 7490 121
9730 2498 199
6638 1538 214
4105 706 227
3938 7810 116
9588 1538 214
4218 8258 109
4601 1154 220
3854 1346 217
616 2946 192
6097 962 223
6042 9794 85
7189 6466 137
3950 6082 143
1739 7938 114
6712 3458 184
348 5506 152
3473 9410 91
3403 834 225
488 2690 196
6508 9666 87
1210 2754 195
1474 1090 221
2528 8130 111
6409 1282 218
7354 4610 166
6709 4930 161
4427 4866 162
5627 7938 114
4608 66 237
9486 6018 144
7632 2050 206
3862 386 232
5719 6850 131
1601 3138 189
7108 6594 135
3756 2434 200
2291 7810 116
4118 4866 162
4988 9794 85
2278 6658 134
1196 8002 113
4711 8962 98
2966 4098 174
2578 9474 90
724 9794 85
9097 3330 186
6898 5058 159
8282 2626 197
3438 3202 188
8673 5058 159
4476 1410 216
6470 8130 111
1296 1666 212
5715 5954 145
8919 5058 159
2497 9154 95
8484 2178 204
3665 6210 141
6774 1986 207
2626 2434 200
172 5442 153
8752 3330 186
6610 386 232
9162 1346 217
2096 8514 105
2168 7490 121
2853 66 237
5884 450 231
959 1602 213
6486 3778 179
7329 4482 168
1133 1282 218
8358 3842 178
2840 4994 160
2806 4418 169
8931 3074 190
8758 6658 134
4296 1666 212
9168 1794 210
498 4418 169
6115 4098 174
9524 6722 133
6799 4226 172
4635 5954 145
2734 5442 153
4802 5570 151
970 2818 194
571 6274 140
1577 66 237
3362 8066 112
8959 6594 135
7194 5186 157
1159 7874 115
6027 3394 185
3360 6786 132
3484 6018 144
3470 9154 95
262 3970 176
979 6210 141
4311 3714 180
6517 450 231
2431 3074 190
410 4098 174
35 9282 93
291 7938 114
2678 9602 88
4399 8898 99
7845 5250 156
7534 5570 151
107 5698 149
1469 9858 84
4102 4226 172
6398 6594 135
1793 7810 116
9049 1410 216
2824 5378 154
6737 4098 174
8933 8898 99
1167 4674 165
5317 194 235
5955 2498 199
2224 7746 117
988 2946 192
3372 5378 154
294 8834 100
5785 2434 200
4020 7938 114
6963 5442 153
4095 8322 108
9239 6978 129
8075 2 238
9026 6850 131
3262 4290 171
783 5890 146
6511 5058 159
2030 2178 204
7403 5314 155
515 6082 143
3187 6466 137
2164 7682 118
3558 8322 108
4149 5890 146
1698 3458 184
9276 5058 159
4237 2562 198
9222 9090 96
1115 578 229
4336 834 225
9057 8066 112
8081 1282 218
7220 9026 97
8178 706 227
5507 9474 90
8073 6978 129
5174 4034 175
1141 642 228
5520 4994 160
5191 4290 171
9043 66 237
538 9474 90
3106 1602 213
7933 6914 130
6328 7618 119
3754 9474 90
1045 770 226
7332 1026 222
2933 9922 83
9597 7554 120
2483 2498 199
6915 706 227
3280 2242 203
3211 7042 128
102 5890 146
6375 1346 217
8244 7810 116
1737 1090 221
3115 9730 86
1226 7170 126
9616 8386 107
7580 3778 179
270 322 233
3382 1858 209
1862 1858 209
4937 9538 89
4786 5250 156
4495 4098 174
1269 1666 212
8113 6018 144
5408 9730 86
9264 8066 112
3636 9602 88
5060 2242 203
9359 7682 118
2195 9538 89
1086 514 230
8963 3138 189
4632 4866 162
2615 2306 202
5538 1602 213
6484 1346 217
895 8258 109
2431 7554 120
3441 8194 110
2807 4930 161
1140 2562 198
4275 5058 159
5216 450 231
5570 6850 131
8113 2242 203
7893 1346 217
5032 4290 171
4010 8194 110
1305 514 230
9952 1218 219
3911 8322 108
1792 1218 219
6035 770 226
8366 3266 187
308 3458 184
870 6210 141
8056 2754 195
7496 9282 93
3168 8834 100
7550 4482 168
8691 7682 118
3205 1730 211
3271 1666 212
8807 1602 213
9570 2306 202
7618 642 228
7916 7554 120
4239 4802 163
8145 2690 196
1816 7746 117
5274 5378 154
6317 3074 190
732 258 234
1282 3778 179
7872 6850 131
2550 66 237
4895 7298 124
6139 8642 103
6698 3970 176
5334 6082 143
9708 3714 180
9679 6338 139
9571 2242 203
6662 9218 94
1781 7554 120
4370 9346 92
9384 4866 162
6479 834 225
9956 7682 118
443 642 228
5817 8642 103
6606 4482 168
8126 5698 149
9222 6530 136
612 2562 198
845 450 231
9995 4866 162
609 6082 143
2030 7682 118
1591 6338 139
6636 8642 103
3327 3330 186
7699 4546 167
3866 3138 189
7060 5250 156
8151 4034 175
3159 7362 123
5971 9602 88
9569 2178 204
3193 5442 153
6969 1794 210
9113 4354 170
2750 7938 114
4447 3970 176
4393 3714 180
5422 6338 139
3465 834 225
2854 4802 163
4731 8770 101
2776 3074 190
3775 1346 217
9679 5570 151
3148 3394 185
6514 4802 163
7944 9218 94
8978 8194 110
4535 9154 95
7771 4930 161
8607 4354 170
1789 962 223
1679 8450 106
4148 2562 198
620 7106 127
1007 8322 108
587 9474 90
7587 9538 89
253 8898 99
9214 1922 208
9471 9730 86
7558 2114 205
5915 6850 131
7085 8706 102
956 5314 155
3313 8770 101
326 7874 115
2471 4674 165
4373 3586 182
2491 7426 122
6953 9282 93
2342 66 237
2579 8386 107
9328 3650 181
5878 4802 163
8869 3906 177
5552 706 227
9620 5954 145
26 5762 148
1278 1986 207
1329 7874 115
3321 130 236
8705 3970 176
8515 1730 211
7760 4226 172
6665 2306 202
1205 1474 215
917 5314 155
2134 7042 128
664 2946 192
448 1986 207
8447 8258 109
5462 5762 148
4548 8002 113
5840 3074 190
3152 9730 86
9591 386 232
1884 4994 160
6665 706 227
3874 7042 128
4572 5890 146
1986 4354 170
8938 1858 209
2748 7810 116
6923 1986 207
591 6914 130
5399 4034 175
2638 7874 115
3339 9218 94
4453 4226 172
7293 8834 100
5656 5634 150
6063 1090 221
6992 9026 97
2753 7810 116
3919 7554 120
7557 6786 132
4349 1730 211
5413 8386 107
3637 1794 210
4129 4610 166
7401 578 229
6641 4162 173
394 4354 170
2614 4290 171
5746 6018 144
8636 962 223
53 5762 148
964 834 225
3651 3714 180
1235 642 228
8735 9986 82
7775 8450 106
766 3714 180
7014 7746 117
3864 7490 121
533 9666 87
2119 1538 214
5245 66 237
9699 2 238
3563 7746 117
5647 834 225
5834 8002 113
6989 6402 138
4069 6146 142
5174 3138 189
9731 9346 92
6354 7682 118
9159 7106 127
6831 2370 201
9593 6978 129
4416 8258 109
4821 7170 126
2025 9794 85
9097 9538 89
3154 4930 161
2053 2690 196
5032 8578 104
6794 2242 203
7548 9602 88
166 9090 96
6956 2498 199
2430 5442 153
8871 5826 147
2072 3458 184
5988 2946 192
5775 2114 205
1990 6914 130
5741 9346 92
2652 1474 215
5281 5314 155
6746 1858 209
152 6530 136
8791 9538 89
9423 4034 175
2466 3394 185
3980 2178 204
2330 9282 93
8631 9474 90
85 7234 125
2594 9602 88
1859 8706 102
8996 4930 161
4644 4738 164
9295 7874 115
7811 642 228
3441 3074 190
9667 4482 168
561 6146 142
3900 7874 115
7072 4674 165
3639 5378 154
6687 8514 105
4981 9602 88
5170 2626 197
1748 5890 146
1568 6530 136
113 5634 150
7193 66 237
650 5698 149
4271 7746 117
8158 450 231
3302 4802 163
3009 7682 118
6137 7234 125
9469 5378 154
2968 1282 218
5394 322 233
1831 2114 205
4938 2562 198
8716 4034 175
4557 9794 85
6643 3906 177
8239 898 224
1499 9538 89
2220 2818 194
7919 2754 195
2043 9218 94
6783 6594 135
2709 6658 134
5378 3714 180
1438 1154 220
6247 3778 179
952 2242 203
5571 5762 148
7307 8514 105
9636 6146 142
5538 7874 115
3037 5186 157
3796 2178 204
8542 4418 169
6194 194 235
5210 9602 88
6499 4546 167
4243 3586 182
6557 4162 173
5895 1410 216
3058 5314 155
1582 9090 96
6704 3586 182
6747 6018 144
7725 2114 205
8169 2370 201
4113 3202 188
6250 1026 222
145 2242 203
8166 514 230
9003 7682 118
6278 2498 199
2560 9282 93
826 1794 210
4864 9602 88
8751 9410 91
172 9730 86
9248 3522 183
7444 4994 160
2388 706 227
800 578 229
879 4546 167
3589 8834 100
7025 5762 148
1007 5058 159
5020 9282 93
4227 514 230
2404 7938 114
4717 578 229
7403 6914 130
3282 130 236
4733 4354 170
804 1026 222
7203 3074 190
7460 66 237
2672 3970 176
2718 7746 117
7663 9090 96
484 2114 205
7231 642 228
9658 706 227
2542 6850 131
8086 2178 204
983 5762 148
351 5954 145
5654 5634 150
7654 4610 166
9801 6722 133
2044 7490 121
5656 8898 99
6991 9602 88
1288 8706 102
7770 6466 137
3406 6018 144
1631 8898 99
9561 6338 139
5649 6722 133
3790 7362 123
9494 7682 118
9702 7874 115
1193 2434 200
5605 3074 190
7281 2242 203
3274 5762 148
9196 8514 105
5153 258 234
2772 3330 186
8540 2562 198
8483 9282 93
9558 9602 88
5001 5186 157
6439 4482 168
