2000 4612
2903 5811 83
9530 2333 120
9977 3179 111
6376 923 135
2060 5623 85
574 9101 48
9660 2897 114
928 3555 107
1384 7127 69
4870 2051 123
1709 3743 105
6945 1957 124
3108 641 138
6359 5811 83
9248 8631 53
8779 9665 42
1702 1675 127
8503 7879 61
6566 1769 126
6798 4119 101
5788 7127 69
1752 6657 74
9195 8161 58
6326 2239 121
2767 2239 121
8048 5905 82
3773 9289 46
7408 7691 63
9230 3179 111
4930 8537 54
962 7785 62
4142 7973 60
2438 641 138
7413 6751 73
8279 8819 51
3406 3931 103
2908 5623 85
5459 4871 93
7167 1769 126
5183 7503 65
5089 547 139
5922 8537 54
6245 9571 43
4952 3367 109
5159 7503 65
8409 9383 45
7714 3649 106
6918 7221 68
6711 8349 56
4772 6751 73
2109 3179 111
4681 7315 67
9048 2803 115
5416 7221 68
9313 1675 127
5563 6563 75
5647 453 140
9879 77 144
2985 2333 120
2941 4025 102
6742 3367 109
1932 2615 117
4516 6375 77
1465 5717 84
7197 5341 88
6076 5059 91
2830 5905 82
1525 2521 118
585 7315 67
1717 5059 91
7856 641 138
1767 4777 94
2103 4119 101
3787 3555 107
8870 8443 55
7184 8725 52
2998 1299 131
5338 2521 118
4450 7691 63
1673 2991 113
6908 2145 122
1091 4777 94
6211 5717 84
1183 7409 66
9173 9383 45
2442 7033 70
945 9853 40
71 1111 133
1463 5341 88
8464 5435 87
908 9195 47
5635 4401 98
9626 5341 88
3990 3837 104
9324 4871 93
8399 4965 92
7514 3367 109
8223 3555 107
4076 9477 44
1360 8631 53
8997 7127 69
6120 6469 76
2883 2521 118
6419 5059 91
9617 7503 65
6123 7879 61
2255 5623 85
6383 7221 68
6894 3743 105
8554 1863 125
8782 4307 99
3757 7597 64
3585 6751 73
7979 2897 114
547 4683 95
5429 6939 71
842 6093 80
7977 6751 73
3192 3555 107
9820 4589 96
6830 6563 75
5340 265 142
314 1863 125
336 8537 54
6125 8819 51
4931 2145 122
2985 7785 62
5102 1675 127
5360 9195 47
490 1863 125
7739 9477 44
8710 7315 67
4425 547 139
992 1675 127
6309 1111 133
9140 2615 117
1095 3555 107
598 547 139
6229 2239 121
7741 7409 66
2306 9477 44
3346 6751 73
2197 7315 67
9482 735 137
3671 2427 119
765 4495 97
830 1675 127
2511 8819 51
6961 5999 81
3998 6093 80
1379 6469 76
9347 6939 71
9369 1769 126
1248 6281 78
5451 6563 75
2746 9289 46
5166 5999 81
4241 6469 76
3473 829 136
3657 8819 51
9202 5247 89
7871 5623 85
3814 4495 97
4815 3179 111
2818 735 137
7032 6563 75
8334 6281 78
3807 1111 133
6790 9007 49
8154 3085 112
2821 2145 122
1075 7221 68
4628 2427 119
2439 5811 83
7563 8631 53
8836 8725 52
6758 7785 62
8260 4213 100
7753 9195 47
909 7409 66
1673 1487 129
4557 547 139
6827 7221 68
6050 7033 70
9265 171 143
900 923 135
1691 8161 58
8394 3837 104
5175 2427 119
4408 3461 108
1492 641 138
3293 9477 44
2130 3555 107
6207 3837 104
1747 1581 128
4802 5811 83
1542 1299 131
4163 2145 122
1844 8443 55
9732 1299 131
2853 1111 133
5693 2991 113
941 77 144
4525 2239 121
1472 9947 39
2227 5435 87
1670 7315 67
7055 2709 116
9633 2051 123
3584 641 138
6009 1581 128
7496 1957 124
4934 8067 59
7511 5341 88
8611 2521 118
5583 453 140
1265 4119 101
7610 1299 131
2820 453 140
9923 9477 44
9606 7973 60
5982 5905 82
7756 5905 82
1822 8725 52
8765 453 140
1702 5811 83
7508 9101 48
5888 3085 112
4928 5341 88
9242 3367 109
6224 9947 39
4230 6563 75
7448 8349 56
5882 2145 122
9648 6657 74
5200 547 139
8261 3837 104
2441 8067 59
4785 9383 45
3973 1205 132
1637 7315 67
4482 735 137
3152 4495 97
830 7879 61
3933 3461 108
2658 7691 63
3137 9477 44
1502 7127 69
3159 4495 97
1194 2333 120
8878 1111 133
981 2145 122
1614 7503 65
971 4401 98
632 1957 124
5346 9007 49
5218 7597 64
107 8537 54
7371 3461 108
5571 9195 47
3552 5435 87
836 7597 64
8579 5811 83
7132 3837 104
521 4965 92
5516 265 142
393 2709 116
2990 7503 65
1646 4871 93
6069 9853 40
7831 4119 101
5071 5247 89
5057 1393 130
7081 2051 123
6884 3649 106
6597 8067 59
7368 2615 117
6033 4025 102
8781 2239 121
608 9007 49
4887 7973 60
3782 6751 73
382 3649 106
1003 4307 99
2944 8725 52
7757 8537 54
7896 1205 132
3088 1675 127
4330 3837 104
6932 4213 100
1706 8161 58
6035 4025 102
815 2051 123
7305 2427 119
7311 6751 73
7706 5435 87
7897 4401 98
1891 9101 48
3040 2709 116
5284 3273 110
3989 1111 133
5483 6751 73
546 9947 39
351 7691 63
659 4495 97
7977 4871 93
2750 5811 83
8286 829 136
7670 9195 47
4009 9665 42
4362 77 144
9597 9101 48
4667 8255 57
2031 2521 118
5176 6187 79
3446 7221 68
4912 9571 43
2080 453 140
8283 8255 57
147 2427 119
6398 6187 79
3081 3461 108
86 7691 63
5681 8255 57
2415 2333 120
6358 7503 65
1838 4307 99
3414 4871 93
942 3085 112
2052 4119 101
7461 735 137
63 4119 101
9615 6469 76
3648 1675 127
8882 5717 84
9691 5717 84
8258 9383 45
2862 1017 134
1004 4213 100
321 8537 54
8610 5811 83
4037 8161 58
1480 7503 65
8441 2427 119
5355 4307 99
1097 4777 94
3419 3555 107
9188 2709 116
8468 8067 59
2321 1205 132
100 3743 105
7464 641 138
6658 7785 62
3500 2521 118
5038 1205 132
6738 453 140
7272 1205 132
5769 3931 103
6161 9759 41
662 8819 51
350 5717 84
6127 1205 132
4007 5811 83
2574 1769 126
9440 9665 42
1745 1393 130
2643 1111 133
6671 2427 119
6855 8349 56
9928 6093 80
7606 7691 63
688 6845 72
5719 4777 94
9637 4871 93
4276 2803 115
4680 3931 103
2000 8725 52
529 735 137
8026 4965 92
9043 2709 116
6254 5435 87
6109 2991 113
5479 4401 98
8541 2427 119
945 9007 49
7261 5341 88
6556 6939 71
185 3085 112
4 4401 98
5064 359 141
1846 8725 52
3354 2145 122
8115 3649 106
4812 3555 107
1756 5905 82
601 5811 83
7812 359 141
3776 641 138
9843 7315 67
6650 9477 44
2990 3461 108
9547 3837 104
6628 9289 46
8378 3931 103
2810 7033 70
5574 2615 117
9323 1581 128
8577 2427 119
9387 2521 118
9073 1863 125
3783 3461 108
3925 9853 40
6298 171 143
6780 9195 47
1237 4965 92
411 9759 41
9274 6469 76
6007 8913 50
402 5529 86
4607 1393 130
1242 4965 92
1683 2333 120
5789 735 137
1805 265 142
907 5059 91
8079 8537 54
4233 6375 77
9157 547 139
9797 3931 103
2482 7879 61
9541 923 135
1467 5811 83
9008 3273 110
5114 2803 115
9782 265 142
48 923 135
5037 7033 70
7492 9477 44
2301 3085 112
2069 8537 54
9086 829 136
2013 8913 50
1058 7221 68
2758 6939 71
1507 8161 58
6531 6375 77
8967 7127 69
1311 4589 96
2258 7973 60
3952 5341 88
8942 829 136
2263 453 140
8416 2521 118
3556 1863 125
7116 6469 76
972 6093 80
8203 5341 88
7811 6375 77
393 5623 85
7258 7409 66
2412 4119 101
7894 5435 87
1976 9571 43
4825 1957 124
9615 6469 76
1289 4777 94
3855 7973 60
8288 7409 66
5022 5717 84
6715 6093 80
4693 2051 123
5877 1769 126
1018 1581 128
4302 4777 94
5505 1863 125
136 3837 104
3708 2145 122
3314 7879 61
6660 8161 58
4287 1299 131
1453 7879 61
8975 1393 130
7821 4683 95
9120 4495 97
1376 5059 91
1534 4213 100
3616 7879 61
601 2897 114
261 923 135
2742 2521 118
2970 7503 65
8410 4777 94
2123 9853 40
4095 6281 78
6510 7127 69
6793 9289 46
480 8067 59
7875 4871 93
7128 6563 75
9375 6093 80
1194 5529 86
7049 1111 133
8054 359 141
5750 7691 63
1868 5059 91
7967 9947 39
8719 9665 42
2545 3837 104
2061 3555 107
9374 735 137
176 9195 47
5099 6375 77
8365 9477 44
3712 923 135
2190 4589 96
2137 2521 118
4885 453 140
4857 9007 49
6160 3837 104
1993 8067 59
6812 3085 112
98 3931 103
2983 6469 76
5970 7409 66
1142 2239 121
9950 6093 80
839 1675 127
1469 6187 79
2112 6563 75
362 7973 60
6544 5717 84
4134 2709 116
516 2333 120
6577 4119 101
2622 829 136
2603 6093 80
3435 6375 77
7456 4307 99
3523 1299 131
2016 4495 97
6293 7409 66
6481 2991 113
9808 3931 103
8535 2051 123
5364 7221 68
2172 6469 76
924 4495 97
5072 7503 65
501 4307 99
4669 9477 44
7211 5529 86
1404 8913 50
230 2239 121
8779 6187 79
3148 4213 100
6340 7879 61
8237 1393 130
9681 8537 54
484 7409 66
5268 4965 92
283 1205 132
9604 9195 47
1685 8913 50
1320 2239 121
3038 8913 50
9950 3085 112
3587 1393 130
8977 7597 64
5517 2709 116
2724 2333 120
6124 7597 64
2169 9947 39
9395 5153 90
4554 77 144
2114 7879 61
1027 1205 132
5705 5059 91
4936 7785 62
2739 923 135
1472 1487 129
4240 6939 71
2083 4589 96
3196 2427 119
1781 1017 134
1550 547 139
8029 5529 86
4785 4401 98
2442 2427 119
1623 6187 79
7026 3461 108
9715 7879 61
3062 829 136
6385 2239 121
9688 2427 119
5461 3931 103
5619 4589 96
7232 8443 55
4568 7409 66
7738 4777 94
3055 5717 84
7771 7503 65
2023 3649 106
182 4589 96
5558 4495 97
8986 2239 121
3345 1863 125
1318 7033 70
9001 7597 64
2829 2803 115
2031 9571 43
1537 9947 39
7502 7597 64
3210 1581 128
7156 7127 69
6643 5623 85
1830 1299 131
4462 77 144
9298 2051 123
6913 5905 82
9016 9759 41
5583 1393 130
717 9759 41
6427 1487 129
7959 7785 62
878 5905 82
7220 9571 43
7203 4307 99
9199 4307 99
3174 3367 109
9061 829 136
2788 1863 125
7910 6281 78
8993 7691 63
7002 8349 56
1319 2521 118
6002 2145 122
2036 77 144
6827 4589 96
9993 8913 50
4623 6657 74
9175 4025 102
9359 8631 53
6668 3179 111
9304 9571 43
8215 9383 45
3278 8255 57
8973 735 137
5787 7503 65
308 1393 130
8323 4965 92
8032 7785 62
3966 8349 56
5756 453 140
5047 7691 63
2955 4683 95
6480 6093 80
8808 7597 64
1635 7315 67
1845 4965 92
5560 5529 86
3394 7503 65
7078 923 135
7019 3837 104
9496 6187 79
2771 1299 131
5250 2239 121
2837 1487 129
1023 4683 95
3739 7973 60
9576 8255 57
7837 3555 107
8142 8161 58
2955 6845 72
3914 7691 63
7507 8913 50
3373 8819 51
1127 5529 86
6194 6751 73
4298 1957 124
3162 4965 92
2516 8913 50
1864 1581 128
8089 1393 130
3129 9195 47
1191 7879 61
9863 3367 109
621 9007 49
3608 7127 69
8589 2145 122
747 6563 75
6538 4871 93
7174 7315 67
3139 7973 60
4677 9853 40
6704 6845 72
9007 7597 64
7933 3931 103
8331 9759 41
4729 2427 119
5758 1017 134
1267 923 135
4135 7691 63
6073 5905 82
5637 8631 53
1319 1675 127
5025 2427 119
1623 5435 87
4439 2427 119
8448 3179 111
9014 3367 109
7260 7221 68
6137 1111 133
9454 6563 75
194 1863 125
9198 6375 77
9262 4683 95
4928 3931 103
8232 1581 128
9720 9383 45
8550 4307 99
7712 3273 110
370 8443 55
5560 5905 82
6671 7409 66
7394 7503 65
2607 4401 98
6048 5905 82
5812 171 143
4001 4589 96
2597 7409 66
6914 1769 126
2703 1299 131
6348 7221 68
9635 9383 45
2821 547 139
4561 4965 92
7052 3837 104
2150 9289 46
1764 1393 130
70 1957 124
3845 5341 88
3002 6751 73
7790 1957 124
6527 8161 58
464 5999 81
4623 1487 129
3917 6469 76
7947 641 138
5007 3743 105
9771 1111 133
7996 2051 123
339 2991 113
8879 6939 71
2407 9477 44
3081 8725 52
5316 1111 133
3985 5623 85
8816 3555 107
535 9947 39
6938 5811 83
4689 1675 127
7043 1111 133
5222 5905 82
4630 3461 108
8625 7691 63
5223 6751 73
3431 7033 70
9167 2991 113
5061 9571 43
7801 829 136
1116 9383 45
5711 2051 123
3689 547 139
9772 6845 72
473 2709 116
2246 923 135
5262 8631 53
2672 9759 41
594 9571 43
9858 7033 70
8525 1299 131
4559 9853 40
4067 2239 121
7950 9101 48
9006 3461 108
9450 641 138
3147 2333 120
3018 3085 112
1672 8161 58
889 6845 72
4924 3837 104
814 3555 107
3406 6093 80
3772 8537 54
9418 9853 40
2967 8349 56
7687 9571 43
6473 7503 65
8775 4401 98
1481 8443 55
4339 2897 114
4208 6281 78
4186 6375 77
8437 2145 122
4007 3179 111
855 265 142
426 7315 67
1279 7409 66
5740 359 141
6184 4965 92
616 4025 102
8481 6563 75
3385 2239 121
9584 8349 56
2150 8067 59
2432 9853 40
2209 7033 70
320 1017 134
7032 8443 55
409 641 138
5802 3367 109
8309 4025 102
7101 4589 96
2156 9571 43
2060 4119 101
8946 4495 97
8696 1487 129
5624 641 138
3333 1487 129
7191 5811 83
2939 1581 128
2792 3461 108
8943 2239 121
3347 7033 70
4543 6375 77
5246 8631 53
6911 2897 114
8187 9289 46
3752 7973 60
2372 7221 68
4704 9665 42
2476 5435 87
4247 8067 59
4086 5623 85
5141 8725 52
4516 453 140
5862 6093 80
4467 7033 70
6874 453 140
8772 4495 97
2502 2333 120
1792 2521 118
6037 4871 93
526 6845 72
3839 9853 40
2163 6751 73
6666 8913 50
8015 4589 96
5873 547 139
9233 9101 48
3001 6657 74
7972 359 141
8348 4119 101
7014 8255 57
6115 7691 63
6889 8537 54
6905 2709 116
8134 6093 80
2959 9289 46
3764 2145 122
2457 5059 91
574 9289 46
4962 5247 89
5559 3649 106
1833 7033 70
9210 1487 129
5048 7127 69
3855 6375 77
9944 8255 57
1224 7785 62
1794 4025 102
3727 7691 63
6853 3837 104
4866 6093 80
2578 4307 99
8563 9477 44
1097 9289 46
8408 9759 41
292 4871 93
4721 3837 104
6188 9947 39
4965 3837 104
9087 9383 45
9665 3743 105
3906 4871 93
7928 8443 55
6320 265 142
6206 6657 74
2248 1487 129
4530 7127 69
3745 5153 90
6640 5341 88
2229 8255 57
6146 1111 133
243 6845 72
2097 9759 41
5984 1017 134
906 8537 54
2423 7221 68
2173 8349 56
9341 6751 73
7427 8819 51
3720 6939 71
1469 5999 81
2164 5623 85
9684 1299 131
6890 265 142
7505 3273 110
3003 7785 62
3085 6751 73
3113 1205 132
8004 2051 123
9522 7315 67
280 2333 120
1199 9007 49
4213 9383 45
4263 9477 44
4591 3085 112
3792 8913 50
7124 8725 52
7896 7785 62
5248 4213 100
9434 9289 46
6280 9665 42
4244 9759 41
6611 4401 98
1646 3743 105
5737 547 139
7167 4307 99
7768 1017 134
1920 265 142
3788 4307 99
8809 6939 71
3939 7785 62
9624 4213 100
9360 4119 101
7848 6469 76
4580 5247 89
34 6939 71
1308 8443 55
2710 5905 82
3658 9477 44
9847 6281 78
2210 1299 131
9436 5435 87
7528 171 143
483 829 136
311 5717 84
2333 5341 88
5642 9007 49
7459 1299 131
9843 4025 102
1647 8161 58
9224 1675 127
6902 9383 45
7162 7597 64
1812 7597 64
5237 923 135
3242 8067 59
363 9007 49
1346 359 141
4073 1393 130
8795 641 138
9333 7973 60
3910 3273 110
8578 5247 89
7873 6939 71
7606 8255 57
4891 5623 85
3854 8913 50
7439 5999 81
31 6657 74
7571 4683 95
6543 6375 77
4842 7691 63
621 2897 114
8737 5341 88
1683 9759 41
9005 2427 119
961 1581 128
9248 9759 41
3931 9007 49
4020 5341 88
8644 2615 117
1689 3743 105
6181 2991 113
5663 4213 100
7252 2239 121
7545 7315 67
1816 2615 117
506 6187 79
7664 7315 67
4972 4307 99
1315 2333 120
600 4119 101
55 7879 61
1308 8819 51
4320 359 141
3118 8819 51
2452 8067 59
9673 8349 56
7677 2427 119
2740 8725 52
9166 5811 83
7357 1863 125
5609 1017 134
3838 6563 75
9896 9759 41
4931 6281 78
7332 5905 82
8478 1769 126
5864 1863 125
3688 7879 61
4985 8913 50
6458 4589 96
3249 1393 130
4391 4025 102
7226 1111 133
9138 2991 113
5473 8819 51
8389 2051 123
2053 1487 129
413 8067 59
8415 829 136
3176 3837 104
52 9101 48
9819 8631 53
2623 1957 124
6089 2615 117
8388 9571 43
8076 8537 54
5641 8913 50
554 8067 59
4007 7597 64
4899 171 143
5250 4307 99
8506 8913 50
6674 8631 53
2381 3273 110
4483 4307 99
593 1769 126
9327 171 143
4135 3743 105
6774 923 135
5826 5999 81
3848 3461 108
4048 3743 105
4660 6939 71
7566 9947 39
7418 5811 83
8999 4119 101
9310 3649 106
925 3179 111
8132 4307 99
1757 2145 122
1414 2051 123
7116 7503 65
745 7785 62
5960 3461 108
2239 8913 50
6347 7221 68
759 3367 109
2043 77 144
3109 5811 83
3922 453 140
4504 7409 66
9462 1393 130
6608 1205 132
3693 1205 132
543 8067 59
579 8725 52
747 3743 105
9540 1675 127
8922 171 143
4052 7973 60
7094 9571 43
1411 923 135
8182 6751 73
140 3273 110
4860 9289 46
5451 359 141
1829 2333 120
6698 4119 101
5632 7597 64
1303 2333 120
9580 1957 124
5450 547 139
9913 1863 125
8665 4401 98
8021 9947 39
9160 1675 127
1210 2239 121
4316 1299 131
9118 4871 93
7729 8631 53
794 9571 43
8603 8819 51
2454 2991 113
5826 4119 101
7150 3273 110
4529 8067 59
5380 2709 116
7979 5341 88
2440 1299 131
4192 1863 125
3557 5529 86
4309 7879 61
5509 2615 117
8256 2239 121
4975 5059 91
8116 1581 128
629 6845 72
9447 5717 84
7249 5717 84
4125 8161 58
1981 7315 67
5799 5529 86
3217 3273 110
8703 3555 107
4062 2333 120
5240 8725 52
2476 453 140
3148 547 139
467 4589 96
5560 547 139
253 171 143
7284 4213 100
2966 8067 59
5928 3555 107
8642 9665 42
5920 9665 42
8465 829 136
4204 3273 110
3694 1111 133
7027 6187 79
622 8161 58
5255 4589 96
1758 1017 134
4508 9101 48
8954 8443 55
5492 5247 89
1898 2145 122
5829 1111 133
6181 5341 88
2444 3555 107
6074 1957 124
9648 9195 47
1517 5905 82
3896 6469 76
1702 8725 52
2548 2709 116
4412 9477 44
3845 1581 128
6079 7503 65
8339 1675 127
9154 1863 125
3752 5059 91
8487 5153 90
3192 8537 54
8534 7409 66
3254 5717 84
5715 3461 108
6360 8819 51
1777 4965 92
1163 2615 117
1895 4401 98
4093 8255 57
5123 5153 90
9760 1017 134
6325 8725 52
3947 9007 49
5208 1487 129
9427 7127 69
1243 2803 115
5689 8255 57
4195 7785 62
2297 4777 94
6100 2521 118
5940 7597 64
5771 2333 120
9526 6375 77
8843 2051 123
7093 4025 102
9809 7691 63
1784 6563 75
1156 4401 98
3594 359 141
8858 3273 110
7642 2427 119
4413 6751 73
9826 4119 101
8698 3461 108
5692 5905 82
3791 77 144
735 5153 90
4033 4307 99
9606 923 135
7556 735 137
865 1957 124
6131 9571 43
3200 3649 106
4294 9759 41
5688 8631 53
9387 5811 83
760 2239 121
6844 7597 64
7221 2239 121
7976 1769 126
7304 6093 80
3439 6751 73
4111 9383 45
8609 3743 105
6689 6187 79
4636 1581 128
2858 3555 107
3830 265 142
7336 3461 108
915 8443 55
7230 2991 113
6353 8631 53
1504 4307 99
2373 3743 105
1269 453 140
5341 7691 63
2547 1299 131
445 171 143
5444 171 143
3050 9383 45
2607 1111 133
1542 1299 131
5017 2145 122
8714 3085 112
1359 6375 77
2640 641 138
7451 1675 127
9810 6751 73
4406 3179 111
6935 6563 75
90 547 139
6030 7973 60
2213 3273 110
2603 4495 97
34 9007 49
6816 7315 67
6691 2897 114
4421 829 136
6268 2803 115
7861 1581 128
5052 7879 61
8271 453 140
452 9759 41
6970 7973 60
20 3367 109
8143 5247 89
4340 7785 62
2640 4307 99
8557 9947 39
4335 9477 44
1251 4119 101
845 6751 73
2193 8913 50
4032 735 137
114 5529 86
5856 6563 75
423 2709 116
4703 2333 120
8385 9007 49
6013 5717 84
2288 3179 111
5006 5247 89
9858 6469 76
9722 3837 104
7120 4119 101
4245 2239 121
8380 6187 79
4578 2897 114
2480 7691 63
9026 359 141
8114 5529 86
8602 2333 120
5081 6093 80
7660 4589 96
8545 453 140
9616 9383 45
5050 9759 41
8922 735 137
8809 7221 68
2424 3837 104
2362 3837 104
3033 171 143
6789 9665 42
6192 3649 106
3910 77 144
2016 7409 66
6615 453 140
7474 5811 83
2302 8913 50
6944 1017 134
8449 4025 102
5321 6939 71
1736 7785 62
9158 6751 73
8172 4213 100
2295 5811 83
8253 6187 79
7135 171 143
5536 9947 39
7855 1863 125
6327 1581 128
1734 6187 79
125 4589 96
7359 8819 51
1882 3837 104
7205 9759 41
9892 7973 60
6456 1299 131
7112 6751 73
819 3649 106
1951 9101 48
5331 8725 52
870 7879 61
7561 5247 89
5343 4307 99
8497 359 141
4897 8537 54
9245 9477 44
2287 4307 99
1966 6281 78
7748 1769 126
7061 2427 119
4069 5623 85
6542 829 136
6943 4213 100
784 2427 119
4984 8443 55
9273 547 139
9466 5623 85
1563 8349 56
1439 5247 89
5423 9289 46
3279 6845 72
6049 7691 63
4910 7597 64
8978 7033 70
773 923 135
9176 6845 72
5155 9007 49
271 7409 66
1326 5999 81
893 7221 68
7280 265 142
2277 7315 67
9968 3931 103
1718 359 141
4228 7315 67
633 265 142
49 1487 129
3079 3085 112
8491 5247 89
2939 1487 129
377 6469 76
4526 5999 81
934 2145 122
1098 7691 63
3416 8913 50
2632 7127 69
7749 1581 128
9483 8349 56
6193 3837 104
4721 2709 116
3669 1675 127
7190 9007 49
4957 8913 50
3381 9101 48
8213 2427 119
4230 6751 73
4796 9007 49
9242 6657 74
8403 5717 84
2702 5341 88
3657 7973 60
8781 9101 48
3239 6187 79
3362 9665 42
5846 6187 79
7546 8161 58
3852 265 142
9571 2991 113
4244 8537 54
5930 7221 68
2851 4965 92
9247 2991 113
8827 3743 105
1412 1393 130
1880 7503 65
9593 9947 39
2849 2427 119
6151 4683 95
4412 2615 117
3874 3367 109
6322 2145 122
8720 4965 92
1820 7315 67
7473 2709 116
6603 1863 125
1192 1675 127
2861 4589 96
7857 2897 114
3467 9007 49
2235 7597 64
1167 9101 48
2469 7409 66
3258 3743 105
8689 1581 128
2011 5999 81
1057 6093 80
6991 5247 89
287 1863 125
4738 9289 46
6158 8067 59
3053 6187 79
8320 6939 71
2181 4495 97
1999 4307 99
9023 9759 41
8263 6093 80
8147 171 143
458 7033 70
9798 4307 99
3700 1581 128
340 8725 52
7014 2709 116
5479 7503 65
135 9947 39
4994 9007 49
116 8819 51
8664 9571 43
3892 4777 94
8131 6375 77
632 4495 97
6594 1205 132
5425 1957 124
2693 2239 121
7409 5341 88
2501 7879 61
7331 7033 70
9615 6375 77
5681 6187 79
2797 8537 54
4615 453 140
2124 3743 105
8435 8443 55
235 3555 107
6702 2521 118
2991 2521 118
3105 265 142
6165 1581 128
6141 1487 129
1142 8255 57
2871 5529 86
954 3837 104
5206 4683 95
7296 2709 116
6099 2521 118
524 6845 72
8936 9383 45
3142 6469 76
2382 1299 131
9259 1863 125
411 9195 47
8958 2803 115
4774 4965 92
3506 7315 67
6192 923 135
5622 8067 59
6775 1205 132
907 6093 80
5808 4401 98
2803 1487 129
7207 77 144
4955 8631 53
211 5623 85
1882 8161 58
3518 9101 48
3488 8913 50
947 5717 84
2882 9477 44
1155 4307 99
9217 5247 89
8166 9195 47
3824 8913 50
3457 1111 133
2067 2239 121
247 6751 73
2704 1769 126
4569 6939 71
8319 77 144
889 2239 121
8025 9759 41
1779 3085 112
1285 8443 55
1486 9195 47
8788 7691 63
4665 5153 90
4515 2709 116
445 5247 89
2395 5623 85
599 8443 55
9460 2615 117
1325 1675 127
2427 8255 57
1669 8819 51
6396 3743 105
4464 5999 81
4797 9007 49
6047 3931 103
5024 2239 121
7847 453 140
8195 3367 109
5046 5905 82
672 8443 55
3153 8725 52
598 4495 97
8611 4683 95
8379 1675 127
2569 829 136
6337 4401 98
8003 5717 84
8735 4777 94
2802 1299 131
6332 4871 93
2303 4683 95
9998 4307 99
7028 5905 82
9992 9477 44
9476 4871 93
9082 3743 105
3513 6375 77
6074 3837 104
2615 1299 131
78 6657 74
7027 6657 74
5158 7597 64
6746 8537 54
5235 171 143
5216 6939 71
2846 8537 54
8331 5999 81
7093 6281 78
5823 4871 93
4323 4965 92
9023 5153 90
3373 4965 92
2715 265 142
175 7127 69
2513 6093 80
9365 1299 131
3197 6187 79
6266 359 141
2688 5717 84
9270 9289 46
6157 3837 104
670 3743 105
6505 3649 106
7881 923 135
5483 9947 39
5297 4589 96
5997 7127 69
4440 9947 39
1289 9195 47
6423 5153 90
447 3085 112
2875 4495 97
519 2709 116
6360 6751 73
7081 3085 112
6905 3461 108
707 3555 107
364 5153 90
6139 7221 68
2495 7221 68
4962 4683 95
3919 6093 80
125 923 135
4313 8725 52
8552 1769 126
4950 641 138
3567 7127 69
6454 3931 103
4123 2897 114
2697 2991 113
2859 3555 107
9665 1487 129
4800 1299 131
6957 4307 99
2891 4589 96
3112 8161 58
2335 4683 95
2340 5529 86
3337 9759 41
6846 1769 126
8149 8443 55
1872 3179 111
1864 1487 129
2520 4213 100
5590 2803 115
7455 7691 63
1118 2897 114
7056 5153 90
8563 359 141
3956 7879 61
1719 2709 116
1318 8819 51
1109 1581 128
6265 641 138
9754 8255 57
7895 7127 69
747 4589 96
7548 265 142
5500 359 141
6656 8913 50
1635 1205 132
4872 8349 56
7799 6563 75
105 5059 91
6127 8443 55
2359 735 137
4225 6469 76
6931 2427 119
1737 9195 47
4791 5341 88
5156 2709 116
2847 6563 75
5139 5529 86
3642 3931 103
3313 8913 50
19 3931 103
212 6657 74
2506 7503 65
2200 4213 100
1392 6093 80
4058 735 137
2615 5623 85
5772 1205 132
7007 5905 82
8169 7973 60
8123 3837 104
9243 2333 120
8986 6469 76
5883 2803 115
8134 2615 117
1247 4119 101
6359 4025 102
3539 8537 54
4700 9195 47
9811 2991 113
1047 7221 68
5055 4965 92
2199 3743 105
7979 9853 40
9462 5059 91
1498 7691 63
1839 9289 46
7264 453 140
9971 1581 128
4271 4307 99
1919 1769 126
367 9759 41
8611 8161 58
766 5999 81
7182 8819 51
3270 3179 111
3599 7879 61
9680 4025 102
4601 3555 107
2357 3273 110
9254 5435 87
9556 7409 66
5529 4307 99
2711 6845 72
3458 7879 61
5580 8161 58
8364 1957 124
9309 1581 128
7187 2521 118
1093 1957 124
7069 4495 97
1142 9571 43
6906 6281 78
4798 6939 71
7295 5623 85
720 171 143
65 8725 52
4934 6093 80
2554 4213 100
7647 1111 133
3144 8537 54
6081 6375 77
4351 2427 119
1945 3273 110
4873 1863 125
9003 6751 73
7783 6939 71
1552 5341 88
8268 265 142
6940 4777 94
91 5153 90
8334 4213 100
544 4683 95
6428 829 136
2726 735 137
1499 3555 107
3537 9477 44
9950 2615 117
9847 4307 99
2935 77 144
4737 2615 117
4857 2051 123
881 2239 121
120 3837 104
866 5905 82
7989 5811 83
203 6939 71
8835 8913 50
1752 9101 48
4997 7033 70
2432 6845 72
2828 5905 82
5837 4213 100
466 8819 51
8539 4871 93
6157 359 141
6 8161 58
1990 2427 119
2397 9947 39
4024 4589 96
4308 547 139
7122 735 137
4761 1675 127
6641 2803 115
1591 7315 67
4781 3555 107
5800 2051 123
3063 8819 51
7706 5717 84
3002 1017 134
4995 7597 64
653 8161 58
4888 1205 132
1450 3461 108
2535 6187 79
9991 8913 50
4766 7127 69
5580 5341 88
958 8443 55
749 3649 106
8976 641 138
3626 7221 68
7528 6563 75
3268 9571 43
643 3179 111
1044 5529 86
7498 1487 129
8857 3367 109
1049 8819 51
3654 8819 51
5046 9665 42
4394 3273 110
2584 923 135
6391 6751 73
2043 7409 66
7670 4589 96
763 4589 96
2543 8913 50
6794 3649 106
2007 6751 73
7828 1017 134
4801 8255 57
6903 641 138
254 3837 104
5535 5717 84
4110 5059 91
9366 8255 57
1939 7785 62
435 4589 96
532 5059 91
5668 2051 123
7612 6375 77
7207 4401 98
8473 9101 48
3936 9571 43
3772 4025 102
6034 171 143
6182 3085 112
6110 7973 60
7108 5999 81
3747 4965 92
6630 6939 71
1421 4777 94
1270 8819 51
1171 6845 72
912 5811 83
911 8631 53
885 2803 115
5921 4683 95
1758 1675 127
224 8443 55
4073 9853 40
483 4777 94
528 3649 106
419 6093 80
6544 5247 89
1208 8255 57
3275 7503 65
7902 7691 63
8315 9477 44
5673 7503 65
940 641 138
3677 735 137
8308 9007 49
3183 4871 93
430 7785 62
1271 4777 94
7756 6563 75
2533 9101 48
365 7315 67
5096 829 136
9001 6375 77
6042 5435 87
492 171 143
7031 9853 40
1568 359 141
2360 4213 100
9965 7315 67
5736 8349 56
6577 453 140
3151 4777 94
4043 5905 82
2987 265 142
2327 1299 131
6867 2991 113
5379 3837 104
1361 1769 126
7649 7691 63
2600 4401 98
9523 1111 133
7296 1769 126
2961 359 141
5186 5153 90
2031 7409 66
9261 2897 114
7278 4871 93
2589 3649 106
3831 9101 48
4250 5905 82
3455 1299 131
7782 8537 54
672 9383 45
5585 2897 114
4965 547 139
2168 5623 85
2992 3367 109
8096 7409 66
3092 9383 45
1322 5529 86
3696 2239 121
6930 7409 66
1194 3837 104
1023 8913 50
8988 4025 102
3926 2991 113
2279 923 135
628 8631 53
6126 5153 90
7283 5247 89
5411 4495 97
2729 5153 90
3784 4119 101
2146 6657 74
2513 1957 124
1506 8443 55
1302 829 136
5505 1957 124
3005 8537 54
2427 5153 90
6067 8161 58
9181 7879 61
2950 3273 110
6627 4683 95
7291 7879 61
1934 3837 104
619 4307 99
8002 1487 129
2023 6187 79
6121 829 136
2481 453 140
2675 5529 86
4035 4495 97
4811 2709 116
7127 4401 98
601 2051 123
8218 1769 126
7612 7409 66
2925 1205 132
4752 265 142
6779 3931 103
1047 7127 69
6956 7033 70
2806 3649 106
2765 7597 64
981 2897 114
6888 9759 41
8694 2991 113
5015 9007 49
9975 7973 60
5541 453 140
5804 735 137
8491 4307 99
3136 6281 78
5072 5341 88
6837 9477 44
3870 5435 87
1154 1675 127
2211 2803 115
7751 1111 133
8559 8161 58
7132 735 137
2693 5529 86
5727 4495 97
6243 5717 84
2284 2897 114
6218 3837 104
1753 9195 47
709 7879 61
2340 5905 82
3284 2145 122
3313 5905 82
9495 3461 108
3781 4119 101
1403 8443 55
4916 829 136
8747 7503 65
4874 7409 66
1940 8067 59
2505 7785 62
6608 8161 58
5743 5059 91
1360 7127 69
5331 8537 54
6362 9101 48
1641 8255 57
5673 2803 115
8095 2239 121
2196 5811 83
1070 3837 104
1321 6751 73
2394 3931 103
1244 265 142
3048 7879 61
7054 6281 78
7940 6281 78
3646 8161 58
2795 3649 106
5696 5905 82
842 5623 85
7319 2803 115
1257 2615 117
8844 8349 56
3540 8255 57
9876 1957 124
1480 2709 116
456 7785 62
5653 4025 102
5117 1393 130
1373 5247 89
7832 7691 63
2077 9947 39
2165 2051 123
9458 1957 124
9620 4213 100
6361 6469 76
9221 4683 95
3488 3273 110
70 1487 129
1312 8819 51
2707 4025 102
2814 5247 89
2484 8631 53
9835 3837 104
6194 4689 144
