2000 3802
7147 4504 33
4197 4144 37
9088 1714 64
4188 2884 51
3860 6664 9
5065 5854 18
6962 1264 69
4259 6214 14
3569 3154 48
7553 2074 60
152 3514 44
1232 2254 58
3722 454 78
4090 1264 69
4754 2794 52
2806 274 80
4321 94 82
4175 3694 42
3686 6304 13
7515 3694 42
7909 4324 35
8220 6214 14
3925 3514 44
4924 5044 27
9217 1894 62
3399 5674 20
4858 4 83
9307 6304 13
8211 6034 16
25 6934 6
2370 6574 10
2507 4324 35
8997 3424 45
294 94 82
3489 2704 53
9128 2164 59
3030 3514 44
9919 5404 23
3261 4774 30
4243 3784 41
3369 5404 23
4939 7384 1
9460 1444 67
7349 6484 11
5581 994 72
6347 2434 56
1212 3874 40
6285 4954 28
6552 5224 25
8944 544 77
8376 3604 43
6009 364 79
8788 5044 27
289 994 72
4976 7384 1
1162 6394 12
7554 2074 60
8807 6664 9
3756 4054 38
9933 4684 31
3999 1354 68
7399 3964 39
7635 6934 6
2498 3604 43
5657 3604 43
9843 2524 55
7340 274 80
8213 4954 28
7098 6034 16
7671 6484 11
6925 4684 31
7865 6304 13
4587 4 83
1226 5674 20
5044 4774 30
9720 2524 55
7695 5134 26
330 1534 66
9095 1984 61
6341 2974 50
7772 904 73
5921 724 75
4589 364 79
8464 7294 2
4795 3784 41
2155 3334 46
8617 2164 59
946 2254 58
4263 1264 69
9239 634 76
2500 994 72
9905 1804 63
6268 6394 12
9842 3694 42
6369 2884 51
8820 814 74
7806 6394 12
1658 6214 14
837 724 75
3463 5944 17
5843 4684 31
8942 184 81
6711 1804 63
1127 6124 15
9100 6844 7
3297 1804 63
3173 5764 19
5873 3334 46
2336 3514 44
7806 3064 49
7952 3964 39
2747 5044 27
551 184 81
2879 1174 70
4480 3334 46
8047 3874 40
3396 2884 51
9893 5674 20
7565 4954 28
7159 6574 10
2358 3514 44
2340 5314 24
3152 4144 37
5075 7384 1
9247 5854 18
3900 3244 47
1580 4504 33
1219 4954 28
6856 994 72
1408 4954 28
8941 6124 15
6362 2614 54
8594 6214 14
1150 5314 24
8711 544 77
8414 3604 43
2286 94 82
1778 7024 5
852 184 81
6048 634 76
2234 274 80
9413 994 72
5127 4954 28
3978 6844 7
7591 5224 25
9576 6664 9
8398 4234 36
3430 4414 34
5819 5764 19
9010 1534 66
8592 7024 5
3853 4774 30
5995 4684 31
4474 3244 47
9186 1894 62
7961 3424 45
9013 6394 12
315 4594 32
2028 1624 65
5306 5044 27
52 7024 5
5178 5854 18
3738 6394 12
7826 1264 69
8583 2254 58
619 2794 52
2271 2614 54
5683 2794 52
9460 904 73
9634 2794 52
8522 4504 33
9363 1354 68
5457 6664 9
432 6574 10
8224 2884 51
3963 6124 15
1132 5404 23
8691 5854 18
5658 5134 26
3432 6664 9
5323 2434 56
3442 4594 32
3042 4594 32
6014 4324 35
3623 2524 55
7797 274 80
3755 4504 33
1160 3064 49
2609 5404 23
1788 184 81
4819 724 75
4660 3244 47
889 6124 15
7383 5764 19
7752 94 82
9715 6844 7
8672 4504 33
5038 4684 31
1342 6844 7
4318 1444 67
1355 184 81
1954 364 79
860 7024 5
3562 1444 67
3157 3514 44
8994 2704 53
1376 6394 12
4379 7114 4
4976 6394 12
7780 2974 50
128 1174 70
6711 2344 57
5618 7294 2
7778 5314 24
4414 4594 32
1190 1084 71
3995 5314 24
4261 3874 40
4973 6304 13
3983 6034 16
9836 6754 8
1211 2524 55
1336 5764 19
8052 2704 53
8396 5404 23
997 634 76
3026 634 76
7888 814 74
6166 1174 70
1712 5404 23
1441 3784 41
8686 1624 65
8727 1894 62
3967 1894 62
1133 3604 43
1578 5584 21
2254 4594 32
6624 994 72
4466 4774 30
9242 2074 60
260 4594 32
9002 2704 53
7358 4504 33
4413 4504 33
100 1264 69
4762 6664 9
8012 4234 36
8433 1444 67
5648 184 81
9156 1804 63
4821 6664 9
6567 1174 70
5983 3694 42
7161 544 77
4077 6844 7
6238 6124 15
9031 3424 45
7474 4144 37
4580 3424 45
753 1624 65
2884 2614 54
5537 7294 2
9540 6664 9
9612 1264 69
9874 3514 44
1638 5584 21
8855 6394 12
9323 5224 25
75 1354 68
1122 4954 28
6070 3154 48
2551 3694 42
1493 4144 37
4659 6934 6
909 3244 47
3718 3154 48
385 7114 4
1683 4594 32
4721 3964 39
7693 1174 70
571 2974 50
8608 5044 27
8113 4594 32
1429 5224 25
9473 364 79
8217 5944 17
4811 4504 33
5870 2524 55
3546 3784 41
9850 3514 44
6378 1624 65
6030 1264 69
705 7204 3
6061 3694 42
5429 3694 42
4407 2344 57
3536 4594 32
409 3784 41
5634 454 78
4609 7384 1
3514 4144 37
9440 5584 21
3447 724 75
8439 6394 12
8553 6124 15
4519 5494 22
2478 4504 33
3623 6214 14
9928 5674 20
7416 1624 65
2947 7024 5
4736 364 79
1739 5584 21
5341 3784 41
3058 94 82
8152 1174 70
1533 3154 48
1902 4864 29
8076 94 82
796 5674 20
2721 5494 22
9025 4054 38
4576 4684 31
112 2614 54
4693 3604 43
978 3244 47
3469 3604 43
9811 904 73
5720 1624 65
1973 7114 4
6717 2974 50
5899 4324 35
6929 3424 45
3256 3514 44
6220 5944 17
9103 3964 39
9177 2794 52
6550 94 82
3423 5674 20
5381 2614 54
6707 5044 27
9673 4954 28
3211 2794 52
6883 2794 52
6862 1264 69
4427 3604 43
1031 7204 3
7124 7024 5
5603 2254 58
424 4414 34
8125 94 82
3459 5224 25
5883 1624 65
499 3784 41
9604 1804 63
3094 4 83
9632 6574 10
710 1894 62
8981 1984 61
7675 634 76
9886 6574 10
6414 6934 6
8528 6754 8
875 5224 25
2009 6934 6
2779 274 80
2300 6124 15
2775 2254 58
5527 364 79
5319 544 77
8683 634 76
5240 2254 58
9150 274 80
7851 2974 50
9304 184 81
6074 3064 49
4618 7024 5
1519 4144 37
907 3514 44
1730 1444 67
6045 7114 4
491 4 83
7686 994 72
4712 5674 20
1030 6574 10
4602 3424 45
7285 1444 67
6755 454 78
874 814 74
7223 4774 30
4780 2974 50
991 1984 61
8604 6214 14
426 2614 54
7828 2164 59
260 814 74
9007 4504 33
4335 634 76
9156 5674 20
6747 6664 9
6111 4774 30
9837 4144 37
236 6394 12
8799 2614 54
3816 6034 16
3543 454 78
2864 2704 53
4193 3514 44
8034 3244 47
1792 4864 29
8995 4504 33
5953 814 74
7276 904 73
4509 5584 21
7451 4774 30
617 4684 31
1092 814 74
9893 544 77
9170 6574 10
3570 634 76
3276 4414 34
8257 1444 67
3131 5764 19
9580 2434 56
1692 3334 46
3765 3064 49
7114 3424 45
7763 6754 8
4936 3244 47
3531 2884 51
9220 6664 9
8394 7294 2
1324 7384 1
6609 3604 43
4709 6934 6
8009 4414 34
9509 1444 67
7461 2344 57
605 3784 41
6951 5584 21
2872 4684 31
4512 5494 22
7975 6214 14
7382 2794 52
2117 5584 21
4609 2704 53
2442 3964 39
3999 814 74
2854 2434 56
3907 3244 47
6621 5494 22
8443 2614 54
7793 1714 64
7903 4054 38
1566 7384 1
6881 634 76
8458 1984 61
9425 1084 71
9137 2074 60
4770 2794 52
4863 184 81
5744 1714 64
2334 1714 64
9493 904 73
7821 6754 8
5040 2434 56
8186 1984 61
3997 1894 62
8061 724 75
8297 7294 2
174 5314 24
7069 364 79
1516 2434 56
5520 6034 16
1217 184 81
5872 5224 25
3894 3604 43
8095 5044 27
9809 274 80
6834 7204 3
417 1804 63
9233 7294 2
8270 6124 15
8439 6664 9
2971 6754 8
5899 3604 43
8885 1174 70
3772 6484 11
5763 1264 69
1597 3964 39
3381 4414 34
3885 2344 57
984 3424 45
3669 3064 49
4767 1984 61
7525 6934 6
9659 5404 23
5590 4144 37
7994 4234 36
4492 94 82
3399 2704 53
7067 6484 11
3868 2884 51
8293 7384 1
6856 4054 38
947 7024 5
6653 1624 65
1182 5494 22
3610 904 73
3372 2344 57
1645 5134 26
9905 3874 40
4479 7384 1
4802 6484 11
4285 4954 28
8999 1534 66
3658 4684 31
1617 3064 49
7974 1804 63
3314 3964 39
2623 4774 30
4493 3694 42
5488 2884 51
3193 724 75
3027 1444 67
2757 6664 9
8842 3964 39
4480 1084 71
5454 2614 54
4181 3874 40
786 7294 2
9755 4954 28
5746 1174 70
136 3604 43
2300 3064 49
777 4954 28
5473 814 74
8822 5764 19
8031 5224 25
6656 5944 17
9281 904 73
4041 2974 50
3967 4954 28
7472 1984 61
5444 364 79
8259 2254 58
3125 2074 60
4683 5134 26
6351 6574 10
9885 2524 55
1072 6214 14
8892 3694 42
4614 5494 22
9417 2884 51
3537 6844 7
890 6844 7
8139 6214 14
204 2524 55
3300 724 75
8831 6214 14
8852 4 83
7429 634 76
8129 7294 2
5179 3154 48
8576 4954 28
1040 5854 18
3382 3874 40
9779 5134 26
7083 6664 9
9015 3874 40
8591 544 77
1200 4864 29
2388 1264 69
3694 5404 23
8844 634 76
3817 1084 71
4226 2884 51
649 2884 51
864 3514 44
8698 1894 62
4302 5584 21
1902 3424 45
5584 2524 55
4975 4594 32
4216 4774 30
7635 2884 51
817 2074 60
4228 1894 62
2754 3154 48
224 1714 64
4595 5944 17
6751 724 75
3189 5134 26
1223 1174 70
9243 2524 55
5299 1174 70
9733 1534 66
7846 3244 47
5941 2434 56
9588 3244 47
7651 454 78
8803 6484 11
6446 94 82
8499 4 83
8925 5314 24
9168 94 82
2366 3064 49
4221 7294 2
4216 2524 55
7417 7114 4
8634 814 74
7791 4594 32
6670 6304 13
9774 5674 20
5699 814 74
9600 3334 46
8619 2704 53
975 4864 29
5038 1174 70
7024 2344 57
2728 7294 2
504 6844 7
2758 2704 53
1129 94 82
9786 5674 20
8516 5944 17
4003 2884 51
9495 5044 27
421 634 76
23 4414 34
381 7024 5
7087 4594 32
1411 2974 50
6497 4684 31
8359 454 78
4335 4864 29
7825 634 76
8539 3154 48
4969 2524 55
6545 5134 26
2827 3424 45
2490 2164 59
6015 7114 4
5853 2164 59
4758 6754 8
3396 3244 47
2822 3694 42
6866 2164 59
6850 6574 10
2465 2524 55
5955 6574 10
8405 4054 38
7169 1804 63
4661 6574 10
5663 2254 58
9480 4054 38
8027 3064 49
5325 6304 13
9599 5944 17
2585 2074 60
9701 3334 46
992 814 74
9844 4144 37
3946 2614 54
4370 4684 31
7779 3784 41
972 6304 13
2242 4144 37
9359 3154 48
8213 3604 43
7246 7204 3
2001 5134 26
9570 6394 12
8039 3874 40
5750 5404 23
3168 2704 53
2335 184 81
7303 814 74
8173 4 83
921 1174 70
4142 2614 54
140 5044 27
6948 274 80
6018 2884 51
9112 1084 71
9369 2344 57
3205 6754 8
2469 3334 46
6947 2524 55
5039 2974 50
9924 5854 18
6063 1354 68
4698 4414 34
9811 6304 13
8192 1084 71
945 634 76
2346 6844 7
4147 1894 62
8299 4504 33
5207 5854 18
3058 1984 61
9629 4594 32
4471 6844 7
3487 6934 6
8961 3514 44
7899 2794 52
625 3244 47
1207 3874 40
956 2704 53
2537 7384 1
3158 1354 68
4231 1264 69
9540 5584 21
482 3334 46
6070 7024 5
4844 2614 54
2005 4594 32
287 3514 44
7762 5404 23
5756 6844 7
4965 5134 26
5263 4324 35
7598 3784 41
6964 6754 8
492 4414 34
4190 3784 41
9991 1534 66
5912 4 83
4271 3964 39
5956 3964 39
4579 2074 60
4052 4864 29
3512 2164 59
1924 5134 26
5314 1714 64
5109 6394 12
6403 7294 2
6632 544 77
9566 1444 67
307 634 76
8994 7294 2
7607 5494 22
3283 4054 38
9744 4414 34
5167 4324 35
2441 7114 4
4882 3784 41
5618 3424 45
9741 5134 26
8752 2344 57
147 4 83
1822 1984 61
5768 904 73
460 2164 59
4314 6934 6
4891 5854 18
9218 1894 62
4388 5224 25
7168 4504 33
7442 3514 44
580 7024 5
9786 7294 2
8995 94 82
5785 4 83
1443 2254 58
4958 724 75
2779 3604 43
9115 634 76
8850 814 74
9910 4144 37
3116 2344 57
6051 2074 60
6342 5584 21
3586 5854 18
9334 7204 3
2440 7204 3
4174 6844 7
6425 3604 43
6495 2884 51
5111 3424 45
8509 3244 47
8871 6124 15
1281 3964 39
4807 3784 41
4735 3874 40
5057 184 81
6671 3694 42
712 1894 62
8673 5224 25
3474 1714 64
767 4504 33
8818 7204 3
377 4414 34
3818 3064 49
2287 3694 42
920 1894 62
1197 7204 3
2468 6124 15
396 5674 20
6673 1714 64
8529 3334 46
5765 6754 8
6937 1804 63
9919 2974 50
4316 1894 62
8228 814 74
2950 6754 8
5114 6844 7
6853 5494 22
4246 1264 69
7306 454 78
1574 6664 9
6343 2884 51
3512 544 77
9948 1084 71
5582 3694 42
3671 1444 67
5916 274 80
4751 7024 5
1392 3874 40
7009 4 83
8535 2434 56
6357 94 82
809 904 73
705 6934 6
7797 7114 4
3367 184 81
205 6034 16
434 5404 23
9141 364 79
6637 3244 47
2825 6394 12
1948 1984 61
457 634 76
9922 2344 57
1337 3154 48
2813 4594 32
869 5494 22
8646 6844 7
6596 6484 11
2022 1624 65
4216 4414 34
6796 454 78
3719 5044 27
6564 184 81
395 1714 64
2070 4684 31
3579 5044 27
63 7114 4
2222 4684 31
8037 2164 59
618 2794 52
9273 1534 66
1469 6754 8
6129 3784 41
3186 6934 6
9399 6574 10
1292 1804 63
8384 3694 42
2571 3154 48
8875 5404 23
7516 814 74
3052 4774 30
9853 2614 54
5009 6484 11
7610 6844 7
7149 814 74
2663 6484 11
8648 4 83
9516 1894 62
7582 1444 67
6769 454 78
9204 3604 43
2568 2344 57
8856 3424 45
7290 634 76
5033 6214 14
9746 2974 50
6203 3514 44
2057 6304 13
4660 3154 48
7828 724 75
8761 2254 58
1222 3334 46
4914 5314 24
1344 6394 12
8606 3424 45
2070 5224 25
5061 2434 56
2146 454 78
6730 3694 42
4909 7204 3
8353 4324 35
5658 2974 50
448 5764 19
1977 5944 17
6416 6664 9
1682 7024 5
2735 3514 44
5980 5224 25
5482 2344 57
4159 1084 71
4695 454 78
5212 5314 24
1811 5944 17
6537 5764 19
5608 2164 59
8673 4864 29
2357 5944 17
5405 5854 18
5738 3694 42
2391 2074 60
4107 4414 34
5520 3064 49
1352 1354 68
7590 4234 36
7941 6034 16
7470 1984 61
4654 6754 8
3838 6484 11
7332 6214 14
7814 3334 46
9955 7204 3
7556 3154 48
3058 3064 49
4538 1804 63
1826 3694 42
3928 4 83
2896 2344 57
4936 3154 48
5461 2074 60
9664 6844 7
7895 5944 17
8203 6034 16
2449 6934 6
1828 4234 36
1237 4234 36
2905 2344 57
9390 6304 13
2048 3964 39
1585 2164 59
4696 1714 64
4878 6934 6
6150 2254 58
9651 1264 69
43 2974 50
9824 5044 27
2395 3154 48
6370 7294 2
10000 5674 20
2280 274 80
6700 184 81
7959 6664 9
1899 1264 69
9892 4504 33
165 6754 8
71 4324 35
6361 454 78
7185 2614 54
9774 94 82
2682 724 75
6941 5044 27
8839 2974 50
4877 3244 47
4422 4774 30
347 2254 58
8660 3514 44
1852 1714 64
7121 634 76
9897 1534 66
3504 6574 10
2727 6754 8
5766 1444 67
6988 3694 42
8045 4324 35
7233 3514 44
5846 1984 61
7034 3514 44
355 2344 57
6633 6574 10
3735 2344 57
9701 2164 59
270 364 79
1450 904 73
5197 4234 36
9607 1894 62
6363 4504 33
247 454 78
5876 4594 32
2371 7024 5
9960 3874 40
575 994 72
9883 4144 37
6455 544 77
6247 5494 22
1430 5764 19
718 94 82
9956 6484 11
8799 4504 33
3968 1354 68
2664 4504 33
6409 2794 52
5980 3064 49
5552 6304 13
5154 3874 40
4423 6754 8
5148 1444 67
3750 2614 54
7214 814 74
6863 1714 64
8319 3964 39
3728 544 77
3216 5494 22
2934 7384 1
5272 2434 56
188 5764 19
4775 6304 13
7575 5134 26
4781 5494 22
4578 6844 7
5170 5944 17
173 6034 16
1275 3604 43
3576 1444 67
1241 1354 68
581 6034 16
1978 1894 62
5206 3154 48
3482 7294 2
7755 5854 18
3424 3064 49
1896 4324 35
9379 5584 21
7913 4504 33
8525 454 78
8448 7294 2
3627 4054 38
5189 1804 63
9030 3334 46
6503 3154 48
1415 3964 39
1561 6304 13
4794 184 81
6217 6574 10
304 3514 44
4831 4774 30
5152 2164 59
9563 1534 66
5559 1714 64
6369 5314 24
5806 4774 30
9100 5854 18
5375 5584 21
9156 3694 42
9789 5044 27
3551 7024 5
440 2884 51
9826 6934 6
2733 364 79
3344 3694 42
2422 3064 49
2339 4594 32
1021 6034 16
3400 6304 13
9026 4504 33
9445 1174 70
8770 6034 16
1755 634 76
4329 94 82
9012 3784 41
2738 6574 10
8331 5404 23
6729 994 72
6481 6304 13
9216 6124 15
2581 454 78
3978 4504 33
4416 1084 71
4735 3784 41
2676 4 83
2252 7114 4
7155 1264 69
9446 3964 39
2475 3334 46
6034 5494 22
1521 1714 64
2530 274 80
2058 4864 29
9920 724 75
4053 5044 27
5563 2074 60
8536 904 73
3252 6484 11
8835 1714 64
9814 1354 68
9571 4684 31
1732 724 75
283 6394 12
5351 4954 28
7475 1444 67
4806 1174 70
7451 1624 65
4849 274 80
5848 1984 61
1402 7024 5
4239 94 82
5802 5944 17
4996 3784 41
7559 4774 30
9438 2074 60
6409 7384 1
7813 7114 4
2120 454 78
4294 5404 23
9259 3964 39
3524 4234 36
7954 5764 19
2981 6394 12
6642 1894 62
1297 1354 68
2944 4 83
5192 5404 23
7844 994 72
8328 5584 21
4466 5674 20
7701 4414 34
6997 6934 6
3067 5764 19
6528 2884 51
5195 1264 69
9809 4594 32
9053 2524 55
86 1264 69
6198 5584 21
7707 994 72
9674 5314 24
527 4504 33
4764 4684 31
175 2344 57
4942 6664 9
6267 184 81
9611 1534 66
7523 6934 6
5451 4234 36
4138 364 79
3846 4774 30
5033 2794 52
2809 3244 47
3777 1984 61
7407 94 82
6106 4684 31
7253 994 72
4469 7384 1
4292 4144 37
2315 1984 61
9754 6574 10
2900 4234 36
819 3784 41
8935 5764 19
7475 2434 56
9255 1534 66
8723 3334 46
7484 5314 24
1905 274 80
5588 4594 32
8232 6844 7
6705 6124 15
4494 2704 53
8300 1714 64
1800 184 81
7731 2344 57
5543 2074 60
7005 3694 42
7437 4324 35
1290 6754 8
3261 6484 11
2341 4774 30
9106 6484 11
5488 4234 36
2727 6484 11
4617 1354 68
773 5944 17
1628 2884 51
2509 1714 64
1808 3424 45
6743 1534 66
1323 2614 54
8486 2614 54
6479 1804 63
6453 7024 5
4039 6664 9
5113 5674 20
4093 2434 56
4005 634 76
5716 3154 48
1142 3964 39
6901 5584 21
6570 3154 48
9437 4504 33
2647 724 75
5794 6934 6
7148 5494 22
6757 454 78
6370 1534 66
9373 5044 27
549 5584 21
6481 4144 37
9507 1354 68
6565 4684 31
4739 4054 38
7283 2884 51
7993 904 73
6381 7294 2
4724 1714 64
9663 814 74
3868 7384 1
5260 4594 32
5595 1534 66
3833 4684 31
6565 5404 23
3835 3604 43
8628 2074 60
2972 1714 64
75 3424 45
3832 94 82
748 2974 50
3588 5584 21
570 274 80
282 1444 67
6825 6214 14
9181 3604 43
3747 3244 47
8753 7204 3
8407 7294 2
2722 6754 8
3736 1714 64
3689 3244 47
8483 7204 3
5746 274 80
4424 994 72
4296 1354 68
9559 3964 39
6758 5764 19
5833 3784 41
692 5224 25
440 4324 35
5537 3064 49
227 1084 71
8071 7204 3
3137 7204 3
8019 6214 14
7878 1714 64
5982 7024 5
1308 4774 30
2473 3154 48
4695 4 83
1364 5224 25
1971 994 72
1778 1894 62
519 3334 46
8767 3244 47
1800 4864 29
3399 6934 6
1884 454 78
9507 6394 12
2712 2524 55
2003 364 79
9511 3424 45
3434 4234 36
3536 4 83
8679 4684 31
6066 4684 31
1564 2344 57
5843 6394 12
5616 724 75
2932 454 78
1820 3694 42
4747 1534 66
8562 1264 69
4380 1624 65
7541 5944 17
8672 2524 55
1257 5224 25
3512 6394 12
3849 7384 1
9180 94 82
2140 2794 52
6566 5404 23
681 5854 18
6249 2614 54
3202 6394 12
4079 6304 13
6590 634 76
720 3604 43
6645 4414 34
1957 7204 3
5257 3244 47
4122 544 77
4504 814 74
7500 3964 39
5307 5494 22
9189 4144 37
5722 3964 39
1240 4594 32
4170 4954 28
5075 5584 21
8899 5134 26
8974 3514 44
1583 7024 5
1257 3154 48
210 6844 7
3818 5314 24
9209 4504 33
9426 4594 32
1490 3064 49
6765 3604 43
9223 1894 62
3552 454 78
3417 5404 23
8990 1084 71
4451 814 74
2505 6934 6
7475 5044 27
6341 7294 2
3599 7384 1
9808 1714 64
3672 904 73
1496 4324 35
1296 544 77
3541 1084 71
8581 4234 36
9625 5494 22
592 94 82
6632 6304 13
8078 634 76
5463 2794 52
3867 3424 45
1474 1624 65
2685 1624 65
6024 2974 50
7132 6574 10
2664 2614 54
3551 6664 9
3733 5764 19
529 7114 4
5665 7294 2
3697 1714 64
1366 4054 38
2793 2614 54
329 4234 36
8947 3424 45
3968 6304 13
400 94 82
1039 1804 63
754 1624 65
1652 1714 64
1789 5584 21
1037 5134 26
2270 814 74
1567 2164 59
2363 6754 8
3107 4324 35
5088 2974 50
4026 724 75
5065 4324 35
28 1624 65
4015 1264 69
3243 6304 13
1596 7024 5
5843 4414 34
2264 2074 60
7373 4054 38
8801 7384 1
3916 2794 52
4393 2794 52
7993 6124 15
1522 6664 9
821 4594 32
7691 2884 51
1323 5044 27
1891 4234 36
4331 994 72
8823 5674 20
7481 4234 36
7417 5854 18
453 7024 5
6286 4054 38
3843 1264 69
7160 1174 70
389 2164 59
2025 3334 46
3810 5674 20
4357 364 79
9141 6214 14
1156 7204 3
1379 7384 1
6241 2164 59
4305 5134 26
6225 3424 45
5703 454 78
2175 6574 10
5214 184 81
4615 5584 21
991 4954 28
7107 5944 17
8842 4054 38
9099 4684 31
5283 1714 64
646 5674 20
9213 2524 55
6992 6664 9
6918 2344 57
9078 3964 39
1402 4144 37
8187 364 79
331 6664 9
6285 5764 19
6378 184 81
2033 6934 6
1478 4324 35
4879 4684 31
6282 1624 65
7038 3514 44
9408 2794 52
9714 5944 17
8758 5224 25
788 4 83
1558 4774 30
9346 4414 34
3165 4144 37
2126 3064 49
7408 3694 42
6896 2524 55
9230 7384 1
3824 2704 53
4634 4414 34
5535 3514 44
420 6754 8
5870 4954 28
5696 4774 30
5880 4054 38
9018 6754 8
2782 2254 58
4653 7024 5
7689 4954 28
9206 4324 35
8659 3244 47
4103 2344 57
6981 7384 1
8235 4234 36
6786 4684 31
7386 7384 1
2015 1444 67
9861 3424 45
2436 5584 21
2412 994 72
6417 5674 20
3919 3244 47
9916 5224 25
2578 6394 12
2192 94 82
5609 184 81
221 3424 45
8787 1804 63
6748 2524 55
8917 724 75
556 6214 14
4092 6034 16
5316 4864 29
7529 454 78
5787 1714 64
6077 3784 41
2701 3064 49
6545 274 80
6251 6394 12
4990 4504 33
7918 5134 26
9049 1804 63
4241 2614 54
7248 814 74
3687 2254 58
1458 3424 45
5213 904 73
8584 724 75
5818 4144 37
446 7024 5
7096 814 74
2503 3784 41
115 4504 33
2208 7384 1
4379 3514 44
3788 6844 7
3180 6034 16
3475 5314 24
1275 1174 70
7631 544 77
1430 5044 27
454 3514 44
598 2434 56
4142 454 78
3579 1444 67
3247 1714 64
7708 4954 28
159 2434 56
9689 5584 21
1770 1534 66
7054 364 79
5802 5764 19
8863 6844 7
8387 4954 28
1892 4234 36
8437 904 73
3016 904 73
7889 4594 32
6419 6484 11
4722 5674 20
8609 3154 48
4622 6844 7
6778 4954 28
7158 6754 8
6581 3064 49
5133 1264 69
7053 6034 16
8107 4144 37
4737 6844 7
3220 2344 57
4568 1444 67
2981 1714 64
6082 7384 1
4750 7024 5
5293 5494 22
6178 5044 27
4178 904 73
8489 4054 38
1997 7024 5
5204 3874 40
8859 4144 37
9581 634 76
3559 5134 26
1591 2344 57
4672 814 74
7214 1534 66
1816 4684 31
8835 3964 39
6430 7114 4
2874 544 77
7863 184 81
3746 2704 53
8906 6484 11
1299 4234 36
3553 1894 62
1213 4594 32
8233 3784 41
1556 1084 71
1156 3514 44
7054 6844 7
646 5404 23
5554 2254 58
2927 6304 13
4373 7114 4
5637 274 80
901 6484 11
497 4864 29
2257 4234 36
5444 6124 15
2158 2974 50
1749 5314 24
7264 2794 52
5981 2704 53
4428 1534 66
7091 4 83
6264 2884 51
5096 5314 24
2942 5674 20
3586 2614 54
6547 364 79
4343 7024 5
1817 7204 3
5622 4594 32
9663 724 75
1006 1894 62
1371 5404 23
3820 6484 11
839 3964 39
2011 904 73
2941 814 74
8066 2434 56
5185 6844 7
7790 5044 27
2682 2074 60
1829 2614 54
3935 1174 70
6660 6844 7
1614 2524 55
8756 634 76
4763 5764 19
1944 2164 59
7888 3514 44
4438 4954 28
1378 6304 13
7946 1804 63
5290 904 73
142 3244 47
6066 274 80
5667 94 82
9362 5494 22
1245 2524 55
3073 2074 60
220 5404 23
2491 1534 66
7535 3244 47
8991 2524 55
7339 4504 33
1724 5944 17
1895 6124 15
9166 5584 21
4569 5764 19
1667 4684 31
1336 2614 54
5193 2974 50
4603 6844 7
6192 7204 3
6377 3514 44
8241 4684 31
4032 1804 63
1137 994 72
9006 4504 33
4611 5404 23
2991 6214 14
9983 5674 20
2457 6034 16
7716 454 78
3945 544 77
7735 184 81
4329 634 76
6089 5584 21
5246 7384 1
8649 6844 7
3433 5224 25
8683 4594 32
1269 994 72
2820 6664 9
4146 3604 43
1898 6934 6
2386 4414 34
8420 2164 59
1547 3514 44
6749 2704 53
9596 5404 23
4081 2794 52
7661 7384 1
7386 1084 71
9528 6394 12
2844 4504 33
5587 4864 29
1576 544 77
6753 544 77
1899 4144 37
5549 94 82
8553 4144 37
6619 5674 20
6028 4954 28
2362 7294 2
1636 1534 66
8893 1264 69
2460 5764 19
4061 5134 26
1964 3334 46
6214 6034 16
8658 1714 64
7537 184 81
7086 3514 44
8858 5314 24
5979 1174 70
3577 6394 12
6699 6934 6
1942 5314 24
3545 5764 19
7456 6844 7
1392 1714 64
2168 5584 21
994 5134 26
9723 5494 22
4835 4144 37
5132 3514 44
4419 4594 32
5622 1444 67
6257 1084 71
4255 6754 8
2883 1984 61
2956 454 78
65 7204 3
91 1624 65
8145 4774 30
5347 2344 57
8165 544 77
1377 2524 55
9727 4774 30
4514 94 82
8588 1894 62
2183 5764 19
2225 6484 11
1992 184 81
7834 2704 53
9340 5224 25
7645 4684 31
7995 6394 12
2756 6304 13
3287 1714 64
4352 904 73
2246 1444 67
2548 2704 53
6345 184 81
614 5854 18
7024 1354 68
7003 6034 16
9671 6394 12
1992 5134 26
7057 5314 24
4167 1984 61
8351 1624 65
8220 4864 29
8391 1084 71
3002 2344 57
6357 5044 27
5424 5134 26
7125 6124 15
7351 3334 46
3618 6934 6
6327 634 76
2912 6034 16
4139 3244 47
7058 3154 48
6017 6034 16
3812 4684 31
7589 274 80
2968 3964 39
7575 1624 65
9070 3064 49
2483 6214 14
9247 5044 27
7341 2164 59
965 3694 42
4127 6394 12
7353 5584 21
5340 1984 61
4712 1174 70
3130 724 75
9583 5224 25
4496 3604 43
4041 3424 45
1535 1804 63
4805 814 74
4474 3424 45
5003 3244 47
3623 6754 8
1111 4144 37
9603 454 78
7503 2164 59
9893 6304 13
7228 2074 60
6500 3244 47
3022 4234 36
8305 2794 52
6707 4594 32
2114 2974 50
3207 6754 8
1995 1624 65
4517 184 81
3807 6844 7
5435 4234 36
334 6844 7
6574 5314 24
2880 5494 22
4422 2434 56
8143 4864 29
3418 1174 70
2276 904 73
2895 6484 11
2089 6754 8
9049 1354 68
4023 634 76
774 6844 7
9789 1444 67
4509 6214 14
2451 5224 25
977 4684 31
9106 2074 60
4569 994 72
634 4594 32
4155 6304 13
9728 6664 9
6067 94 82
4557 4594 32
3753 3424 45
6857 4054 38
9326 1084 71
8549 7024 5
39 6754 8
6996 904 73
2164 2254 58
8112 1804 63
4017 5584 21
1978 814 74
326 184 81
6874 1264 69
6444 184 81
9214 364 79
2894 4954 28
6221 6934 6
703 5224 25
6922 1354 68
4513 5764 19
1476 4864 29
6212 5944 17
5774 544 77
7124 4774 30
2754 4 83
6110 2974 50
9034 2164 59
1612 4504 33
7477 6844 7
1894 1444 67
1644 2614 54
4177 4234 36
573 2074 60
4129 2164 59
4641 3244 47
4646 2344 57
9764 5224 25
4504 4864 29
4022 4324 35
3935 5584 21
9854 2434 56
8836 5494 22
8182 6754 8
8911 4414 34
1304 1624 65
1769 5494 22
5244 274 80
5663 3694 42
3917 6754 8
9909 4234 36
6789 2434 56
9578 2254 58
6408 1354 68
2675 94 82
8564 4144 37
8978 2434 56
9387 1804 63
909 4504 33
5448 5944 17
4163 3514 44
1233 1444 67
8687 7384 1
7201 6214 14
3052 5134 26
2867 4954 28
2178 994 72
7888 904 73
8828 4594 32
4251 4234 36
8095 5674 20
8084 7294 2
9955 6574 10
2757 2524 55
1367 6214 14
5353 5944 17
3346 2164 59
2963 6844 7
6332 2974 50
9071 3424 45
1181 1894 62
7655 364 79
3106 6664 9
832 6574 10
8483 544 77
2048 904 73
9288 6394 12
3601 7384 1
3133 4864 29
8246 1264 69
5415 2974 50
6826 7204 3
9291 2524 55
5103 3694 42
9613 1714 64
4541 6034 16
2721 6304 13
6923 5224 25
2864 904 73
7060 6124 15
6512 1534 66
197 4684 31
6562 364 79
9370 1084 71
549 2614 54
2056 5584 21
4819 5854 18
8471 5944 17
1964 3334 46
1137 4684 31
6273 5854 18
1874 3334 46
9318 2704 53
8573 94 82
2094 4414 34
5824 4 83
5099 3694 42
6260 94 82
5810 5314 24
2290 7114 4
1998 1354 68
500 5404 23
2180 5044 27
2370 2164 59
9062 2164 59
202 2074 60
5907 5494 22
8143 1624 65
3214 7384 1
2695 1894 62
3795 2614 54
797 5674 20
4382 994 72
768 5944 17
6342 7384 1
9038 7294 2
5367 5134 26
9847 5044 27
774 184 81
7591 4594 32
8729 184 81
3907 3874 40
1803 7384 1
6180 1534 66
9806 3064 49
9347 5224 25
7137 7294 2
5959 5494 22
7683 3424 45
2137 3784 41
1467 2974 50
1879 724 75
7406 5044 27
4991 3784 41
1632 4324 35
7201 3874 40
5379 1714 64
6723 2614 54
557 1174 70
3037 2254 58
2800 2974 50
530 2254 58
3231 3064 49
4610 7114 4
5300 1894 62
5685 2704 53
5573 1624 65
5827 1534 66
4235 1354 68
9323 4324 35
5277 7024 5
1405 2974 50
2498 274 80
5464 5944 17
5236 6484 11
7906 3424 45
7487 274 80
3069 1624 65
6846 3154 48
7482 4414 34
4906 6934 6
3326 454 78
2274 3604 43
7702 4234 36
8339 94 82
4533 1444 67
277 5134 26
2572 4594 32
4349 2164 59
2873 4504 33
8067 94 82
3137 6574 10
8360 7024 5
4374 6394 12
9222 5494 22
8445 7204 3
1394 6304 13
9859 2344 57
7035 2614 54
7641 5584 21
7199 5404 23
1723 3784 41
3413 4324 35
1190 2074 60
6002 724 75
3467 1624 65
9311 544 77
8856 4594 32
