795 6612
702 1026 2686
3765 1663 6277
3366 5802 3164
5153 7392 4909
7280 2420 3397
5676 9079 3848
6187 1790 9555
8101 3127 292
8507 7728 6794
8157 8950 6817
6296 9008 8118
3740 6886 1999
1306 159 6022
9646 393 1075
3378 5641 7751
3059 3245 9498
1147 5258 1413
4374 2881 2211
5489 6451 7599
1725 1305 4999
8593 415 8281
6738 5092 6074
1794 199 4678
3680 3867 4871
6115 5389 1430
4400 6678 4152
1510 8277 1614
3077 9552 5876
9949 6478 7510
5269 9188 4877
818 9656 6023
378 7282 3321
8428 1527 3877
2297 244 9647
3280 613 6682
8690 7245 245
1780 2694 1300
3352 8152 9337
2490 7786 4752
5489 3681 4334
4044 2311 1352
1697 1533 2665
6340 3907 778
1203 7853 7787
1550 4059 8521
7832 7771 3087
9408 275 3273
8292 7613 4007
7625 8170 118
8966 9198 1971
841 1631 901
1847 6669 6498
6417 7293 8478
5750 1516 7661
1452 4993 568
2642 9748 1073
1868 8183 3462
7320 8330 4700
6728 698 5698
638 1232 9227
9429 9203 9112
1567 3321 6850
980 8286 4421
7801 245 2572
6507 2603 96
6005 534 501
9799 7306 2040
9749 5229 6181
7137 8073 1775
356 8889 5454
3519 5127 8167
9497 1158 5400
9821 2360 4298
4988 8387 8939
2060 468 7247
301 9160 5214
4299 1130 7034
578 6608 8494
3268 6656 4180
3632 6385 6626
2841 6521 8572
3917 4930 6222
1567 1516 4556
6468 7472 4741
459 1883 2336
2057 2491 4467
6459 5234 3171
9343 9755 2266
4534 5735 2700
4998 6170 828
5079 8587 8376
4346 8162 474
1783 3736 1768
2232 6146 8203
922 6555 6476
7795 512 5903
1916 8132 5729
8519 7074 6630
6411 8225 7752
428 8788 1675
5607 2002 1912
1966 6068 7926
6920 3173 3686
9884 433 6625
6976 8047 4386
382 2696 9785
2370 374 2917
139 6407 792
6545 6369 4616
3899 1340 2273
6749 1566 8551
968 4074 8861
1610 9225 423
6139 5225 2516
6482 9390 9333
2261 3241 3727
5469 2622 8848
1276 6563 6685
4767 7692 6007
5943 7360 2835
9682 7638 8998
4140 4211 7240
9028 9755 7486
1833 4610 7728
930 9622 6485
8513 5525 4455
5221 2875 733
5688 6744 8418
6061 5318 4311
1729 5860 3330
1981 1342 7977
9878 9015 8617
7126 3074 5198
7465 9364 6337
5015 4114 9727
7498 2711 1673
3796 3609 6624
3096 3792 5346
9861 1775 7660
5228 8902 3561
2513 4716 6708
8227 65 1831
251 3002 6469
5595 6107 7815
7853 1840 8584
9392 4847 4038
771 5863 4462
4249 3643 7360
3737 8178 7580
6205 4954 4969
4536 1734 3893
9323 7167 4890
4766 8215 5702
7001 6468 8286
397 175 615
7819 7060 909
8310 9710 1583
7016 5260 5815
5782 5174 1671
3256 3038 9155
2688 3184 8914
2274 99 5977
4508 7721 3036
9540 4190 2606
2591 4083 18
7666 1597 9327
6171 9079 6593
8483 144 8032
8585 3453 1746
3177 7209 1446
4885 7051 6101
9072 6160 6754
890 7260 6957
1754 1234 1888
511 1090 9963
5785 7159 1216
1376 6692 942
7197 3259 9651
8592 1506 9546
2048 2624 7001
9391 4936 6822
7134 4884 8377
2839 6006 9948
570 7864 7169
1708 7972 2236
2622 5607 6768
2180 5331 5664
5713 7378 4417
4500 6079 4390
7279 9736 9418
6908 2438 8234
9444 5748 6580
2421 975 6835
4474 7089 3228
1496 8033 7040
1076 6292 9610
9265 8691 4770
5707 7249 4192
3669 2507 9724
4679 4766 7431
1872 4910 3738
1521 7170 4405
7411 9231 5279
4727 1647 7234
8652 7981 8435
592 1756 668
4375 3317 6427
978 3614 7240
4613 761 5225
2033 5166 5563
1579 8766 758
8218 2166 6025
3037 5344 2238
6287 3578 4700
1611 684 8348
3972 9592 6600
6524 8100 4966
1530 7523 125
3976 6743 3307
2282 7909 2317
6587 4391 5323
6453 4659 4464
344 4727 6326
5083 855 4260
5626 5764 9096
8522 9220 346
7969 8963 3076
5992 834 8941
1308 3811 464
8003 6320 5653
8195 83 5761
3975 8817 2732
1896 5644 8967
6112 3626 4288
6157 230 8346
4146 5352 4137
7272 1295 54
3510 3793 7948
917 5352 9156
6023 7107 3680
1867 474 41
6940 3191 3535
2611 2740 5395
4327 5716 4880
7061 9322 7266
2670 9522 3219
612 8237 1397
2825 2946 2509
9948 3027 2982
6765 9584 3621
5626 5005 5478
8263 7691 4976
4443 1416 8700
8267 4612 9385
6760 6416 251
9741 6398 6835
7265 7273 9507
4960 68 6387
1224 5008 1179
6319 2185 9864
9024 3049 4427
8890 5457 269
9927 6993 5071
8466 3651 4242
9617 6453 825
1751 8696 598
9045 8571 4887
8400 5002 2312
9980 7838 7318
9883 6055 367
8248 4983 8822
231 6747 7559
8851 825 7103
7646 9073 3406
1400 2816 3410
4232 8387 8558
9126 8880 8724
8877 2989 5756
7235 351 4791
6954 8552 306
6846 2570 1979
7847 2138 2425
5560 8138 3428
7142 1584 5002
6532 1826 2315
8063 221 8965
5870 5298 2170
9771 2366 9570
3753 283 7764
3086 3937 4903
1484 134 8834
153 8681 7754
5134 4041 7972
3568 161 9464
3488 1971 3398
3672 9559 838
9643 9562 3777
5 5817 7351
4827 8354 6709
5185 4231 5454
6570 6974 9876
8415 732 2117
1377 9100 6513
3314 9923 829
235 8122 2346
7608 9211 8840
1035 1164 7714
9116 7672 9412
6192 6332 8867
6683 7258 5049
3991 17 9075
9702 6079 4006
5153 1878 4581
7400 4504 3384
8692 5073 594
3529 646 2459
6951 8657 6408
7379 6876 7093
9465 5548 9810
7251 4108 32
4642 7730 6953
9412 6889 1863
4557 1730 7547
6295 1342 6563
2469 2921 3273
3446 9749 2231
1870 7697 4742
5290 4362 3513
3047 3105 4686
634 1791 6403
9405 4994 3620
4933 7654 1659
3826 6754 735
8803 3693 2878
7342 7586 4182
4648 2293 370
9109 6062 1466
6409 4977 2189
9051 947 8484
8019 3395 4288
9972 3177 9615
3096 7426 6153
3376 8043 3480
1325 8987 361
8181 9811 228
8705 5731 6338
5629 867 6818
7167 7105 324
1155 2057 9249
6870 2046 1128
8089 8350 8036
4167 5156 4621
3325 1883 8468
3824 6208 8034
6620 32 9893
664 7676 1956
5717 8605 156
3227 6107 8377
3362 5266 1056
9127 6669 8876
8723 7213 3712
790 889 7195
9037 3619 9844
5549 9653 5423
930 1269 8471
5381 6212 1691
3393 9795 8980
4265 4302 2775
7856 8006 1359
5841 8106 717
904 6136 9990
9822 7098 6885
8449 8947 9673
613 189 3645
430 9045 7462
5231 8810 3627
1354 8743 4489
769 2750 1783
9828 5923 610
8504 717 1140
1576 8463 9176
7592 1823 7278
1295 3278 1342
9686 320 1801
7032 3060 3652
6244 3120 2392
8279 5177 6560
8188 9577 7899
543 7198 1148
9295 1701 350
6187 5094 435
5087 6552 2350
6705 4752 7431
8825 6380 1358
7386 2305 2965
7640 5717 6474
4300 4081 685
8327 3721 5786
713 5944 1067
1382 6424 1179
2253 2539 7226
7137 9816 8025
466 3473 266
6139 4864 8848
1399 3485 9743
4305 3340 5123
6865 4926 1630
5229 9060 5581
513 4740 7123
3384 4901 9160
6887 6376 2341
8725 5903 2251
9910 380 348
5338 1688 8280
6282 7541 1858
3713 3640 9237
2469 659 6873
687 4125 9161
2144 2357 3884
7923 8774 6458
7009 5921 8490
4434 5692 598
4985 5635 6639
2194 4580 9184
6897 7193 84
8532 1876 1036
6756 2540 2296
534 101 9565
479 9488 9951
7369 5485 7870
5239 2740 8555
5054 4763 9710
7706 6686 3946
3047 1957 1952
1386 9496 9375
7708 792 4242
7110 3997 6356
1036 5002 525
4090 9544 6366
2102 5487 2510
5465 3483 4434
4550 1387 2932
8520 8545 904
4324 4219 7801
1454 3558 3790
2939 741 8436
5402 3522 8783
5719 7554 2223
2756 6837 611
6289 8863 7638
2887 3857 8234
6638 6593 4224
397 6133 5572
5605 3233 1986
8348 1356 5988
1008 3345 8240
6609 5504 7989
9782 7843 5718
5100 6872 8988
7304 9802 1895
379 4733 8543
8585 8912 1796
634 9391 2805
6690 5005 4176
3289 8526 3231
4773 528 8514
7519 4533 853
5984 4110 5852
2175 2151 5125
3382 6446 8779
8360 3500 8520
9722 459 286
9042 5569 8086
4796 7118 2315
6902 183 5901
8279 5835 8239
559 9993 8748
8315 9678 3524
6175 1446 3765
1896 7946 361
51 5792 8483
4843 3159 2414
4874 7930 8089
5068 6326 398
8338 3362 5660
3591 3013 2240
1029 4406 5187
4794 8187 4848
7235 5170 300
5840 3766 2266
8241 2012 6081
4108 6435 6856
7504 3260 9724
6313 2826 6141
5521 9033 6296
9008 7203 3330
4233 3301 8473
8010 7685 5808
721 1811 1293
3384 4774 2541
4208 338 6659
5008 5883 6795
75 2247 6843
2889 7255 3198
9644 2051 4128
8729 2158 5261
4530 160 9634
4814 7741 1004
7609 2969 2456
2778 4892 3624
2409 336 8373
8900 2255 8611
4980 389 1464
7435 2091 6097
3003 5531 8489
6845 5508 8003
9953 7339 3394
9912 6884 1730
1971 8705 5195
9711 6489 6543
3590 5986 3641
9840 9873 9098
4803 6793 4216
2580 7621 8977
6431 9678 6327
3112 6073 2906
5999 3815 9876
7146 3490 3539
9019 1699 6009
3047 888 4104
6176 353 2662
6851 6375 2662
491 3855 3551
9768 2978 4031
3604 8385 9544
2036 9065 9357
904 1976 1743
4013 2461 3514
5275 9759 2458
4839 2888 4848
4412 8113 1009
1337 670 4414
4553 3913 4414
7435 6811 7547
5798 2743 7474
7011 2289 5679
649 853 3723
6321 2271 4367
6824 5023 3300
3145 6485 1096
2934 2497 2892
4703 6884 4638
8090 6073 1290
5144 5344 6693
4450 8484 672
3135 4170 6529
8295 7836 8863
1734 6757 4682
2401 6806 4201
9439 8269 6083
6941 4757 3662
1034 121 3196
1789 9645 8432
2753 1994 533
4416 9416 6344
6080 3057 6261
2178 2246 5214
1674 6336 8635
8469 2623 5875
8793 3681 6947
4688 908 3778
2276 1953 2219
9 1244 1767
1591 7502 7784
1934 6609 9168
4430 8890 9763
4265 5275 8066
3363 9681 1433
9748 7338 2109
4713 7292 8322
6121 5864 3668
3064 7341 7744
7374 5907 3798
7835 4381 3947
4896 2813 1137
4887 3456 7788
1646 5404 5561
6766 4940 3944
808 3417 2004
6371 3636 6110
1849 8797 9224
5471 4496 8899
8913 345 3320
9669 3533 2556
5175 328 9627
2130 5475 7884
2701 4292 2878
9896 650 8880
6564 4693 8973
6651 9874 600
2851 7469 6428
9931 614 8263
1268 7998 1788
6308 8237 7278
7102 7683 5387
852 109 2261
2681 5991 9963
5356 4388 5450
5262 1752 7543
8857 4404 7230
8972 2862 8753
8116 8600 2924
4899 3555 1072
2727 4549 8812
7564 4337 6794
4081 1403 4024
8871 8530 6157
5357 9996 6862
3576 3666 9715
319 8666 8838
6915 1775 2230
9568 1374 3956
1062 8364 9760
4651 6881 4769
6054 1074 5751
7655 340 9702
4734 6232 4248
9046 8153 8922
8260 6075 3266
1950 2967 6253
4381 2081 2229
1207 1013 7636
8867 432 3675
1461 531 2135
7924 7550 470
3591 3111 9304
5758 4238 6924
1344 2820 7189
3160 7101 8543
1317 771 9280
979 2998 7281
647 376 6014
1970 6208 6214
6178 7198 6782
3143 6429 8779
9285 8195 9483
3775 2604 3382
4851 40 2868
1167 9478 7822
7627 4823 2170
3967 7755 5390
7668 3746 5291
6647 9587 4517
9212 7118 3646
1400 7504 7057
6066 4883 2991
8637 3891 7708
9105 3526 828
8354 1198 4613
4830 5298 7519
9508 5406 9155
132 1711 7406
4074 9387 9702
9087 9592 8624
275 6746 95
839 4316 5521
1266 2848 8467
2462 2006 9161
8022 518 522
5084 9752 6072
4861 3605 7997
3881 3878 518
9386 6759 4640
8364 5696 5865
1285 9776 3405
9747 9694 5751
4483 599 5106
2083 5559 349
3351 9205 8685
5025 7589 5792
3928 7442 8549
9664 8872 8675
1891 7988 7755
4108 7863 7832
9220 6069 4082
903 6276 4811
783 9099 923
3620 4901 6284
2756 4892 5317
1697 4290 5997
9139 4720 5493
7833 4166 9500
4925 6918 9313
329 9471 7474
4845 3095 3313
5090 5028 6187
8357 766 7592
719 9085 2951
2204 8088 2496
9272 2421 6689
9911 3764 4613
7655 2797 7567
5815 2465 1780
1977 106 7531
787 2450 7908
3416 1064 4432
8853 9368 2405
3016 8945 1223
9449 2109 5015
1519 9607 7827
8372 777 3500
6857 8063 26
9555 7365 6529
4108 9308 4854
1317 3324 7961
3688 5099 2364
1162 4426 7484
1922 8566 6396
3948 2459 975
2449 9287 6985
7021 7222 8965
5353 6578 5097
4306 2858 1125
6247 9151 5984
6352 5947 4508
8445 4208 4649
9237 5997 5621
2272 3288 4757
8521 9107 2247
4607 424 3800
5845 4290 5887
7525 1465 3857
1650 5512 4398
9521 6153 1737
9686 1617 4916
5268 2612 4319
2172 7954 5262
2444 2268 498
483 3013 2429
143 2605 7038
4504 6911 7064
7211 690 3995
8551 2560 612
9005 3872 8628
1999 6118 1474
7615 8741 7349
5540 4561 4680
5558 6478 71
4441 229 3763
1100 6841 9039
5646 1675 8796
5594 8706 7140
1319 1950 809
4248 9879 9873
1790 7071 6374
4169 8125 9259
620 715 6932
9969 5287 6723
2418 564 6626
1817 3796 4255
7853 6477 6746
5446 8205 7364
6602 3427 5710
6037 4955 8568
7846 6404 5748
2826 2573 438
1451 443 1198
3322 6666 5506
8695 7151 1677
6935 2183 4831
3885 6939 6584
6106 1380 4445
4945 3074 1400
22 9859 7784
3023 6787 166
2780 3383 4093
4732 7846 1560
6522 2849 7423
704 3032 4009
2328 1443 3418
7362 6941 9367
4853 1482 7942
8405 7730 9010
7261 1921 7727
7923 4217 7155
4319 120 9667
2744 9148 9369
5549 4022 237
9441 2672 2858
3140 4334 657
5525 9885 1737
3822 5056 775
5843 8171 5459
9588 2697 6700
2909 6523 8000
