9
4 1
1 1
1 -1
-1 1
-1 -1
0 0
4 1
1 1
1 -1
-1 1
-1 -1
1 0
500 500
-17 6
-12 -117
29 -279
47 -350
59 -396
62 -403
114 -508
220 -674
222 -676
481 -907
667 -1068
830 -1195
1063 -1347
1125 -1384
1196 -1424
1271 -1462
1430 -1514
1522 -1540
1941 -1579
1996 -1581
2068 -1573
2071 -1572
4138 -4
4143 1
4145 6
4149 103
4082 386
3981 558
3912 653
3887 682
3836 737
3767 806
3596 968
3524 1032
3417 1121
3176 1304
3129 1328
2878 1435
2710 1502
2657 1522
2555 1550
2282 1585
2207 1591
2068 1585
-16 6
62 -402
830 -1194
1063 -1344
1125 -1381
1271 -1459
4146 103
3912 652
2876 1435
-11 -113
-9 -112
-7 -117
-2 -120
-1 -129
0 -129
2 -129
14 -195
15 -195
29 -277
16 -195
29 -276
29 -275
29 -270
21 -195
62 -399
65 -394
-7 -38
-7 -36
-7 -34
114 -504
114 -502
114 -501
114 -500
122 -518
124 -521
124 -519
124 -518
127 -522
182 -600
185 -598
184 -590
187 -594
192 -598
192 -595
191 -592
191 -591
225 -668
228 -674
226 -667
228 -671
229 -666
293 -725
293 -720
292 -717
296 -726
295 -723
294 -720
295 -719
296 -717
374 -808
377 -806
375 -800
376 -798
379 -799
403 -833
408 -833
411 -833
413 -833
481 -904
481 -901
481 -900
481 -899
543 -953
546 -952
545 -948
551 -956
550 -948
596 -993
601 -985
605 -990
603 -986
669 -1067
667 -1063
667 -1062
670 -1065
669 -1060
672 -1062
677 -1059
758 -1130
754 -1121
761 -1128
763 -1127
833 -1187
835 -1187
837 -1186
840 -1185
931 -1259
930 -1255
930 -1254
927 -1249
931 -1250
986 -1287
983 -1283
1063 -1342
1063 -1341
1125 -1377
1196 -1421
1196 -1419
1196 -1416
1261 -1447
1271 -1456
1261 -1440
1261 -1438
1314 -1468
1318 -1468
1407 -1505
1407 -1503
1407 -1501
1407 -1500
1407 -1497
1407 -1496
1440 -1510
1437 -1505
1439 -1505
1522 -1537
1524 -1539
1518 -1532
1521 -1534
1522 -1533
1525 -1535
1575 -1539
1576 -1539
1582 -1539
1585 -1539
1628 -1545
1632 -1539
1630 -1536
1636 -1541
1638 -1540
1636 -1538
1712 -1554
1715 -1554
1716 -1554
1717 -1554
1718 -1554
1721 -1554
1722 -1554
1773 -1559
1774 -1559
1776 -1559
1778 -1559
1779 -1559
1780 -1559
1862 -1564
1865 -1564
1869 -1564
1941 -1573
1946 -1572
1945 -1571
1948 -1569
1996 -1578
1996 -1576
2071 -1569
2070 -1566
2074 -1568
2078 -1564
2069 -1493
2059 -1484
2060 -1484
2064 -1428
2069 -1428
2080 -1395
2080 -1392
2079 -1388
2076 -1386
2086 -1391
2093 -1316
2094 -1314
2088 -1308
2108 -1240
2112 -1241
2126 -1164
2127 -1164
2128 -1163
2127 -1162
2132 -1163
2129 -1159
2129 -1157
2134 -1158
2135 -1137
2136 -1137
2139 -1138
2137 -1136
2142 -1138
2144 -1139
2141 -1136
2134 -1132
2144 -1135
2142 -1133
2160 -1068
2161 -1068
2162 -1068
2163 -1068
2176 -1043
2179 -1043
2183 -1043
2184 -1043
2229 -981
2231 -976
2239 -978
2280 -900
2283 -900
2287 -900
2370 -812
2370 -807
2429 -762
2429 -755
2507 -689
2583 -623
2589 -622
2584 -617
2588 -616
2673 -552
2677 -552
2681 -552
2749 -498
2758 -498
2753 -497
2754 -494
2758 -494
2758 -492
2757 -490
2759 -488
2803 -450
2811 -451
2899 -403
2905 -403
2899 -402
2900 -402
2899 -401
2903 -399
2904 -396
2902 -394
2965 -345
2968 -345
2969 -345
2972 -345
2975 -345
3022 -312
3019 -307
3014 -304
3012 -302
3106 -275
3106 -274
3106 -266
3159 -238
3164 -238
3166 -238
3204 -212
3197 -210
3198 -208
3201 -208
3203 -208
3200 -207
3203 -207
3203 -204
78 0
3294 -167
3294 -164
3294 -163
3294 -161
3294 -160
3312 -160
3312 -158
3312 -157
3312 -151
78 2
3398 -120
78 3
3470 -95
3470 -94
3470 -92
3470 -89
3544 -71
78 4
3536 -68
3540 -67
3543 -67
3522 -66
3523 -66
3524 -66
3525 -66
3527 -66
3542 -66
3540 -64
3546 -61
3573 -61
3570 -60
3572 -59
3573 -56
166 3
3662 -43
3709 -38
3662 -37
3709 -36
166 4
78 5
3709 -33
3786 -21
3786 -19
3786 -15
166 5
3874 -13
3882 -13
3883 -13
3884 -13
3851 -8
3950 -6
3951 -6
3956 -6
3957 -6
3851 -5
4024 -1
4025 -1
4032 -1
4135 2
4093 4
4101 5
4143 5
-13 6
-11 6
-9 6
166 6
4100 7
4097 9
4095 9
4098 10
4094 12
4103 13
4097 13
4100 14
195 7
4142 39
4140 39
4135 39
166 8
78 8
4145 103
4143 103
4142 103
4141 103
4139 103
267 13
332 15
166 12
195 13
409 22
4126 169
4124 169
4123 169
4122 169
4118 169
332 20
267 18
195 15
267 19
267 20
413 28
409 28
416 29
332 25
4109 247
4107 251
4105 251
4102 254
4102 255
4099 256
477 38
477 40
477 41
4093 306
4093 307
4093 308
477 44
477 46
4070 375
4071 376
4065 376
4073 378
4074 379
4080 380
4068 383
570 61
569 61
565 61
4063 403
4063 405
4063 410
4063 413
598 70
595 72
597 77
4016 474
4016 478
4016 480
4016 481
4016 482
593 78
4016 483
596 79
659 88
593 80
649 88
743 103
739 104
744 107
3977 549
3972 551
3971 559
805 146
3888 675
3883 675
3888 678
3882 677
3879 677
3887 679
3882 682
3878 683
3836 734
3828 735
3826 741
883 181
881 181
879 181
3763 799
3764 804
3761 807
978 223
977 223
975 223
974 223
970 223
980 233
980 234
1047 250
1039 249
980 236
980 237
3689 878
3688 878
3687 878
1040 255
3682 878
3680 878
1037 259
1114 303
-12 -110
29 -278
47 -349
114 -506
123 -521
220 -673
481 -906
668 -1068
1196 -1423
1407 -1506
1519 -1539
1528 -1540
1942 -1578
1996 -1580
2071 -1571
4142 1
4143 4
4081 382
3981 555
3833 739
3768 804
3597 966
3525 1029
3417 1120
3175 1303
3126 1326
2807 1463
2657 1521
2555 1548
2280 1584
2207 1590
2071 1585
-9 -116
-5 -119
1 -129
11 -195
3 -129
29 -273
29 -272
29 -269
17 -195
18 -195
19 -195
8 -129
20 -195
47 -343
47 -342
47 -340
9 -129
-7 -40
63 -395
-7 -39
-7 -37
-7 -33
-7 -32
99 -472
-7 -31
100 -470
102 -470
114 -503
104 -463
106 -470
105 -463
107 -468
106 -463
130 -525
128 -516
128 -515
184 -596
184 -592
189 -597
187 -590
191 -599
219 -670
220 -671
223 -669
228 -675
228 -669
288 -727
289 -724
292 -725
294 -724
293 -721
292 -718
382 -807
381 -801
380 -798
384 -806
384 -804
384 -798
404 -833
405 -833
409 -833
412 -833
481 -905
481 -902
481 -898
542 -953
545 -954
541 -947
546 -955
547 -954
548 -955
549 -954
547 -950
548 -948
600 -989
598 -985
604 -992
603 -990
602 -985
606 -987
668 -1062
672 -1063
676 -1066
756 -1124
760 -1126
762 -1128
764 -1125
835 -1194
832 -1188
839 -1191
936 -1258
936 -1255
933 -1251
934 -1252
979 -1289
977 -1282
985 -1290
987 -1291
1063 -1343
1063 -1340
1063 -1339
1125 -1380
1125 -1379
1125 -1378
1125 -1374
1196 -1420
1196 -1415
1196 -1414
1271 -1458
1261 -1446
1271 -1457
1261 -1444
1261 -1442
1271 -1453
1271 -1452
1318 -1470
1321 -1473
1323 -1475
1319 -1469
1322 -1465
1407 -1499
1407 -1498
1434 -1513
1437 -1508
1439 -1510
1523 -1539
1523 -1535
1524 -1535
1526 -1536
1528 -1538
1577 -1539
1578 -1539
1584 -1539
1630 -1538
1634 -1540
1633 -1539
1631 -1535
1634 -1536
1713 -1554
1714 -1554
1719 -1554
1775 -1559
1860 -1564
1861 -1564
1863 -1564
1864 -1564
1867 -1564
1868 -1564
1870 -1564
1941 -1572
1996 -1575
1996 -1574
1996 -1571
2070 -1565
2071 -1563
2078 -1565
2077 -1564
2060 -1490
2064 -1491
2063 -1489
2067 -1489
2066 -1428
2067 -1428
2071 -1428
2083 -1394
2081 -1392
2085 -1394
2081 -1389
2082 -1387
2084 -1388
2085 -1387
2089 -1314
2094 -1312
2093 -1311
2116 -1242
2107 -1235
2111 -1236
2106 -1233
2112 -1235
2124 -1167
2133 -1166
2128 -1161
2133 -1160
2130 -1157
2131 -1157
2135 -1140
2138 -1140
2140 -1139
2140 -1136
2143 -1137
2159 -1068
2164 -1068
2165 -1068
2166 -1068
2168 -1068
2174 -1043
2175 -1043
2178 -1043
2180 -1043
2181 -1043
2182 -1043
2231 -980
2232 -978
2238 -977
2234 -973
2239 -974
2281 -900
2289 -900
2370 -816
2370 -815
2370 -814
2370 -811
2370 -810
2429 -760
2429 -759
2429 -757
2505 -689
2506 -689
2508 -689
2510 -689
2515 -689
2588 -622
2592 -620
2592 -613
2671 -552
2674 -552
2675 -552
2756 -498
2751 -493
2753 -493
2750 -492
2756 -492
2749 -489
2806 -450
2809 -450
2810 -448
2809 -447
2810 -445
2803 -441
2904 -401
2896 -399
2905 -400
2900 -399
2901 -396
2905 -395
2895 -393
2966 -345
2967 -345
2973 -345
2974 -345
3017 -310
3015 -305
3019 -303
3106 -273
3106 -269
3106 -268
78 -2
3161 -238
3165 -238
3167 -238
78 -1
3207 -213
3201 -210
3205 -210
3199 -209
3199 -208
3205 -204
3202 -203
3294 -169
3294 -165
3312 -155
3312 -152
3388 -120
3389 -120
3392 -120
3393 -120
3397 -120
3470 -96
3544 -69
3537 -68
3541 -67
3542 -67
3528 -66
3530 -66
3531 -66
3570 -62
3572 -62
3565 -59
3567 -57
3571 -57
3569 -55
3575 -52
3662 -44
3662 -40
3662 -34
3709 -34
3709 -32
3709 -30
3709 -29
3786 -20
3786 -16
3851 -15
3851 -14
3851 -13
3875 -13
3879 -13
3786 -12
3851 -11
3851 -7
3952 -6
3960 -6
4136 -2
4022 -1
4023 -1
4028 -1
4139 0
-15 6
-14 6
-10 6
4100 10
4095 11
166 7
4144 39
4141 39
4138 39
4137 39
4134 39
267 10
195 9
166 9
4144 103
4140 103
195 11
166 11
195 12
267 15
195 14
166 13
417 23
4127 169
4120 169
4119 169
4117 169
414 23
414 24
332 22
408 26
411 27
417 28
414 29
411 30
4106 248
4104 249
4101 250
4100 251
418 32
4107 254
4104 255
4093 305
4093 312
4075 373
4079 382
4068 381
4070 382
4078 383
4067 383
4075 384
574 61
573 61
572 61
568 61
567 61
566 61
564 61
4063 408
4063 411
594 71
596 72
592 77
4016 477
4016 479
597 78
4016 484
590 78
594 79
590 79
657 88
656 88
654 88
588 80
653 88
651 88
743 104
742 106
745 107
3973 553
3978 554
740 111
735 113
3912 643
3912 645
3912 649
805 141
805 144
805 147
3885 679
3886 680
3884 680
805 148
3880 681
805 149
805 151
3828 732
3833 733
3830 735
3829 739
886 181
885 181
884 181
877 181
876 181
3766 797
3768 798
3762 797
3767 799
3766 805
979 223
976 223
973 223
971 223
980 228
980 231
980 232
980 235
1046 251
3685 878
3683 878
3681 878
3679 878
1041 256
1121 304
3602 958
3597 959
3596 959
3594 959
3594 960
1119 306
3596 962
3592 961
1120 307
3597 964
3595 965
3596 966
1124 309
3595 966
1123 309
3592 966
3592 967
1123 310
1119 309
1123 311
1117 310
1118 311
1115 311
1121 313
1168 327
1165 327
1164 328
7 9
-10 2
-6 -1
10 -7
12 -7
14 -4
8 9
-9 7
-9 2
-8 1
-5 -1
9 -5
12 -4
11 0
8 6
-2 7
-8 4
500 500
-26 -87
3 -221
33 -297
62 -365
138 -483
228 -601
276 -661
352 -749
575 -995
885 -1265
1077 -1408
1148 -1452
1290 -1529
1584 -1659
1781 -1715
2045 -1751
2103 -1755
4225 -2
4222 56
4216 112
4203 171
4168 325
4075 520
4036 579
3884 800
3745 979
3652 1075
3557 1158
3509 1198
3355 1306
3263 1366
3100 1464
2938 1544
2626 1647
2534 1677
2317 1734
2219 1743
2103 1742
-19 -2
4 -216
-10 -147
-10 -143
12 -219
33 -294
33 -291
33 -289
13 -218
33 -288
65 -365
67 -365
72 -365
113 -431
113 -426
138 -481
138 -480
138 -478
138 -476
167 -518
168 -515
169 -516
169 -508
170 -509
173 -512
175 -511
176 -510
228 -593
230 -595
230 -593
234 -594
276 -659
276 -657
276 -655
276 -654
276 -652
311 -685
316 -681
355 -748
362 -751
360 -742
411 -805
414 -805
420 -805
435 -824
486 -890
486 -887
486 -882
486 -880
534 -948
535 -948
536 -948
542 -948
573 -990
576 -993
578 -995
578 -990
580 -988
582 -987
654 -1062
661 -1062
757 -1151
755 -1148
756 -1148
755 -1146
762 -1144
843 -1218
845 -1218
846 -1218
847 -1218
848 -1218
887 -1265
888 -1265
889 -1265
891 -1265
892 -1265
893 -1265
895 -1265
956 -1309
957 -1308
1001 -1345
1001 -1340
1002 -1336
1081 -1406
1076 -1398
1084 -1407
1083 -1402
1148 -1449
1148 -1447
1233 -1492
1237 -1492
1238 -1492
1289 -1519
1296 -1525
1298 -1527
1368 -1552
1364 -1547
1369 -1552
1370 -1549
1369 -1546
1430 -1584
1433 -1584
1434 -1584
1436 -1584
1440 -1584
1525 -1628
1530 -1627
1532 -1628
1567 -1642
1585 -1657
1587 -1658
1580 -1651
1569 -1639
1584 -1652
1575 -1641
1674 -1677
1674 -1676
1674 -1673
1674 -1671
1752 -1696
1751 -1690
1781 -1711
1781 -1709
1781 -1706
1840 -1709
1923 -1731
1923 -1729
1923 -1728
1935 -1734
1937 -1734
1923 -1722
1940 -1734
1941 -1734
2037 -1747
2036 -1743
2045 -1747
2043 -1745
2042 -1744
2041 -1742
2103 -1752
2103 -1751
2103 -1750
2103 -1748
2103 -1746
2108 -1699
2113 -1699
2112 -1687
2112 -1683
2112 -1682
2112 -1679
2142 -1598
2142 -1597
2142 -1595
2173 -1546
2180 -1546
2179 -1538
2201 -1493
2198 -1491
2197 -1490
2202 -1492
2198 -1489
2196 -1487
2195 -1484
2217 -1436
2218 -1434
2215 -1432
2220 -1434
2219 -1429
2265 -1350
2265 -1348
2266 -1348
2267 -1346
2262 -1342
2269 -1343
2303 -1291
2309 -1294
2303 -1287
2303 -1285
2334 -1265
2354 -1238
2364 -1238
2367 -1221
2363 -1219
2364 -1219
2361 -1217
2357 -1213
2365 -1216
2406 -1170
2406 -1168
2406 -1166
2456 -1133
2450 -1130
2452 -1129
2451 -1126
2446 -1123
2478 -1086
2478 -1085
2535 -1024
2533 -1023
2527 -1019
2533 -1020
2526 -1017
2614 -958
2617 -957
2610 -951
2616 -951
2613 -950
2611 -949
2608 -948
2658 -904
2652 -901
2659 -903
2655 -898
2659 -895
2660 -894
2730 -813
2739 -814
2735 -807
2824 -729
2824 -722
2824 -721
2867 -700
2871 -696
2870 -695
2869 -691
2958 -613
2965 -612
2955 -605
3052 -538
3045 -536
3104 -495
3095 -491
3099 -487
3097 -486
3170 -432
3170 -430
3170 -426
3170 -423
3256 -354
3257 -354
3259 -354
3260 -354
3261 -354
3264 -354
3314 -314
3317 -314
3322 -314
3387 -278
3383 -276
3468 -225
3472 -225
3468 -224
3466 -223
3468 -222
3473 -218
3528 -190
3533 -190
3599 -153
3608 -147
3609 -147
3608 -146
3609 -143
3668 -123
3659 -121
3666 -120
3666 -117
3658 -116
3662 -116
-21 -87
-16 -87
3750 -82
3750 -79
3802 -69
3801 -69
3795 -69
3886 -39
3879 -37
3886 -36
3883 -36
3879 -36
3920 -34
3918 -34
3915 -34
3914 -34
3913 -34
3912 -34
3879 -34
3884 -33
3882 -33
3883 -30
3877 -30
4013 -19
4012 -19
4008 -19
4007 -19
4006 -19
4101 -17
3948 -19
4101 -16
3947 -17
4101 -11
4169 -4
4223 -1
4218 0
4171 0
4222 3
4170 2
4177 4
4219 5
4217 6
4220 7
4171 6
4219 47
4219 52
4219 55
4216 108
4202 161
4194 161
4201 163
4196 164
4173 258
4177 259
4180 265
4166 325
4164 325
4161 325
4128 400
4128 403
4128 404
4128 405
4086 482
4082 484
4081 484
4083 488
4077 488
4077 490
4072 521
4069 522
4069 523
4034 579
4033 579
4032 579
4029 579
4026 579
3970 664
3968 664
3967 664
3965 664
3964 664
3961 664
3916 740
3916 742
3916 748
3916 750
3883 793
3887 794
3886 795
3881 798
3814 867
3810 867
3819 874
3817 874
3811 873
3811 874
3814 876
3789 915
3784 915
3783 915
3735 969
3741 971
3742 973
3743 977
3740 979
3739 979
3670 1045
3663 1045
3647 1075
3642 1075
3600 1107
3592 1107
3602 1114
3555 1158
3552 1158
3550 1158
369 54
369 56
3503 1198
3501 1198
543 121
457 91
508 110
456 91
369 59
455 91
454 91
453 91
536 122
369 60
451 91
508 113
449 91
508 114
541 127
608 153
542 128
369 63
508 117
538 129
3430 1243
539 130
3421 1241
3429 1246
3431 1249
3423 1246
599 155
508 120
654 177
654 180
823 253
654 186
818 253
654 187
818 255
301 46
746 230
3345 1301
746 232
305 50
814 263
309 53
906 304
311 54
906 307
906 314
305 56
3261 1358
3253 1356
3256 1358
3261 1362
3254 1359
3255 1365
3254 1365
1073 405
1069 406
1065 407
1068 410
1071 412
1063 413
1149 464
3173 1415
3171 1415
3169 1415
3168 1415
1149 466
1149 469
198 20
1203 509
1209 512
196 20
195 20
1206 514
3104 1454
-24 -87
4 -219
33 -295
63 -365
138 -482
227 -599
276 -660
352 -746
533 -948
572 -990
579 -997
886 -1265
1079 -1407
1148 -1451
1294 -1528
1586 -1659
1781 -1713
2040 -1750
2103 -1754
4224 -1
4221 47
4216 111
4183 256
4167 325
4128 408
4074 519
4070 527
3883 800
3745 976
3650 1075
3556 1158
3508 1198
3260 1364
3101 1463
2940 1542
2626 1646
2534 1676
2428 1704
2317 1732
2211 1742
2105 1742
-17 -4
-18 -7
-10 -146
-10 -145
9 -218
10 -220
-10 -141
10 -218
-10 -139
66 -365
70 -365
113 -434
113 -432
113 -428
113 -427
113 -425
113 -424
138 -479
138 -477
138 -474
169 -510
173 -515
175 -509
233 -600
232 -596
236 -603
308 -689
309 -682
311 -684
310 -680
311 -681
315 -688
315 -685
316 -686
317 -685
314 -679
352 -745
352 -743
317 -680
355 -745
357 -748
410 -805
415 -805
416 -805
435 -833
435 -831
419 -805
435 -830
435 -828
435 -827
435 -823
486 -885
486 -884
486 -883
537 -948
538 -948
540 -948
543 -948
573 -989
576 -991
580 -996
580 -995
655 -1062
659 -1062
660 -1062
664 -1062
752 -1142
761 -1152
761 -1151
762 -1150
838 -1218
840 -1218
842 -1218
894 -1265
952 -1311
950 -1307
955 -1313
960 -1316
955 -1308
957 -1310
956 -1307
1000 -1346
1002 -1343
1003 -1341
1078 -1405
1085 -1407
1083 -1403
1084 -1403
1086 -1405
1085 -1402
1086 -1402
1148 -1448
1148 -1446
1148 -1443
1234 -1492
1239 -1492
1240 -1492
1243 -1492
1293 -1526
1297 -1526
1362 -1554
1366 -1548
1370 -1546
1431 -1584
1435 -1584
1525 -1631
1523 -1628
1525 -1627
1522 -1623
1524 -1624
1580 -1655
1571 -1639
1568 -1634
1574 -1638
1577 -1639
1589 -1650
1577 -1634
1576 -1632
1674 -1679
1674 -1675
1674 -1669
1747 -1696
1753 -1699
1743 -1689
1745 -1690
1746 -1689
1781 -1712
1781 -1708
1781 -1707
1781 -1705
1833 -1715
1834 -1705
1837 -1706
1837 -1705
1840 -1707
1923 -1732
1933 -1734
1923 -1725
1923 -1724
1936 -1734
1923 -1723
1942 -1734
1943 -1734
2035 -1741
2038 -1742
2041 -1744
2040 -1742
2103 -1749
2103 -1747
2106 -1699
2107 -1699
2115 -1699
2116 -1699
2112 -1686
2112 -1681
2142 -1604
2142 -1601
2142 -1596
2175 -1544
2178 -1544
2170 -1536
2197 -1489
2200 -1486
2220 -1433
2222 -1434
2222 -1429
2224 -1426
2262 -1347
2272 -1352
2262 -1346
2264 -1346
2312 -1295
2302 -1288
2303 -1288
2309 -1286
2334 -1264
2334 -1263
2334 -1255
2357 -1238
2358 -1238
2361 -1238
2357 -1216
2362 -1218
2365 -1219
2359 -1214
2361 -1212
2366 -1212
2406 -1172
2406 -1167
2406 -1165
2406 -1164
2406 -1163
2406 -1162
2453 -1130
2452 -1127
2478 -1094
2478 -1093
2478 -1091
2478 -1089
2478 -1088
2478 -1087
2478 -1084
2528 -1020
2534 -1020
2526 -1016
2612 -958
2610 -956
2615 -957
2612 -950
2618 -950
2658 -903
2654 -895
2735 -811
2731 -809
2735 -810
2735 -809
2737 -809
2733 -807
2736 -807
2824 -728
2824 -726
2824 -724
2867 -699
2875 -699
2873 -695
2870 -692
2873 -692
2865 -690
2957 -609
2958 -608
2963 -608
2956 -606
2962 -606
3049 -539
3050 -532
3043 -529
3053 -530
3104 -494
3098 -492
3098 -491
3102 -491
3099 -490
3102 -487
3094 -485
3170 -428
3170 -427
3170 -425
3170 -424
3258 -354
3262 -354
3265 -354
3266 -354
3313 -314
3315 -314
3386 -276
3391 -274
3388 -273
3390 -272
3389 -270
3381 -269
3463 -221
3471 -221
3465 -220
3469 -220
3527 -190
3529 -190
3537 -190
3609 -152
3607 -147
3608 -145
3601 -144
3666 -122
3665 -121
3661 -118
3665 -113
3750 -88
-23 -87
-20 -87
3750 -84
3750 -81
3750 -78
3805 -69
3804 -69
3800 -69
3798 -69
3796 -69
3887 -40
3886 -35
3922 -34
3919 -34
3916 -34
3878 -32
3886 -31
3951 -27
3948 -26
3945 -24
4101 -19
4016 -19
4010 -19
3944 -18
4101 -12
4101 -10
4101 -9
4221 4
4174 3
4220 4
4216 5
4223 6
4217 8
4215 49
4212 49
4213 52
4216 103
4216 104
4216 110
4202 165
4201 165
4180 260
4181 263
4173 263
4179 266
4165 325
4160 325
4159 325
4158 325
4128 401
4128 402
4128 406
4087 480
4078 483
4084 485
4079 490
4065 517
4070 520
4068 520
4068 522
4069 524
4028 579
4027 579
3969 664
3960 664
3916 741
3877 792
3881 793
3878 794
3820 866
3817 867
3813 867
3819 870
3811 871
3814 872
3816 874
3790 915
3786 915
3782 915
3780 915
3744 970
3741 974
3744 975
3743 975
3736 974
3669 1045
3665 1045
3660 1045
3648 1075
3643 1075
3596 1110
3598 1111
3598 1112
3593 1113
369 53
369 55
3507 1198
3506 1198
3504 1198
3500 1198
3499 1198
369 57
541 122
533 120
452 91
450 91
598 150
535 126
540 128
508 116
539 128
536 127
603 153
605 154
537 128
3424 1240
3421 1239
3428 1242
508 118
3423 1242
3427 1247
3423 1248
3421 1248
600 156
599 157
654 181
654 184
746 226
305 47
3353 1299
824 262
306 49
3345 1303
819 261
3348 1305
310 51
818 261
746 234
304 50
746 236
906 305
906 306
304 52
308 54
308 55
906 311
906 312
309 56
906 313
3262 1359
3253 1360
3257 1362
3254 1362
3257 1365
999 366
998 366
997 366
993 366
991 366
1068 404
1071 407
1067 408
1072 411
1067 409
1149 460
1149 461
1149 463
3177 1415
3176 1415
3174 1415
3172 1415
3170 1415
216 26
1149 470
215 27
1212 511
1207 510
211 27
1208 513
1204 513
3102 1456
3100 1457
3097 1458
500 500
-18 -26
-11 -187
36 -346
77 -461
109 -528
128 -567
187 -652
283 -783
517 -1057
594 -1139
711 -1243
829 -1346
920 -1405
1072 -1501
1199 -1546
1323 -1586
1428 -1614
1506 -1630
1591 -1644
1941 -1674
2021 -1668
4060 -26
4060 -16
4054 44
4043 138
4017 299
3941 488
3733 778
3488 1045
3424 1109
3380 1151
3242 1269
3174 1316
3117 1353
3032 1401
2935 1450
2750 1520
2492 1572
2415 1585
2267 1605
2229 1609
2074 1622
2011 1616
-8 -187
-7 -187
-6 -187
-3 -187
-1 -187
-9 -100
-9 -98
-8 -98
-7 -101
20 -266
61 -399
61 -397
79 -461
80 -461
85 -461
86 -461
129 -560
131 -564
134 -562
133 -558
191 -650
191 -645
194 -653
194 -652
194 -647
232 -700
237 -696
240 -698
239 -692
291 -783
292 -783
293 -783
360 -868
360 -863
360 -861
360 -860
360 -859
418 -938
418 -934
418 -930
418 -929
475 -1003
474 -1001
476 -1004
475 -1002
477 -1004
478 -1004
482 -1009
483 -1008
484 -1009
517 -1052
594 -1135
582 -1110
594 -1130
645 -1177
647 -1177
650 -1177
651 -1177
652 -1177
709 -1235
717 -1242
719 -1242
775 -1294
775 -1292
775 -1291
829 -1343
829 -1342
829 -1340
829 -1338
829 -1336
863 -1361
866 -1360
866 -1359
872 -1359
870 -1352
870 -1351
919 -1401
922 -1404
927 -1407
929 -1408
927 -1405
997 -1451
1000 -1451
1001 -1451
1002 -1451
1004 -1451
1005 -1451
1075 -1497
1080 -1493
1082 -1491
1167 -1526
1173 -1528
1202 -1546
1204 -1546
1206 -1546
1207 -1546
1235 -1556
1231 -1548
1325 -1586
1326 -1586
1329 -1586
1401 -1597
1427 -1612
1422 -1606
1424 -1608
1425 -1609
1429 -1612
1428 -1606
1511 -1625
1512 -1625
1514 -1622
1586 -1638
1589 -1639
1587 -1636
1590 -1638
1592 -1637
1594 -1634
1634 -1637
1634 -1636
1634 -1632
1634 -1630
1702 -1646
1702 -1642
1702 -1639
1702 -1638
1789 -1652
1787 -1650
1785 -1647
1790 -1649
1787 -1646
1793 -1651
1792 -1650
1793 -1645
1847 -1658
1852 -1654
1856 -1657
1853 -1653
1853 -1649
1854 -1649
1857 -1650
1893 -1657
1897 -1658
1899 -1657
1899 -1653
1937 -1668
1943 -1672
1941 -1670
1940 -1669
1944 -1671
2011 -1664
2013 -1664
2017 -1660
2040 -1590
2037 -1583
2040 -1585
2039 -1584
2038 -1540
2038 -1537
2038 -1532
2038 -1530
2046 -1478
2047 -1478
2047 -1475
2084 -1391
2084 -1389
2084 -1381
2105 -1343
2110 -1343
2105 -1334
2110 -1337
2116 -1326
2116 -1324
2116 -1317
2116 -1316
2133 -1267
2132 -1263
2181 -1193
2181 -1192
2181 -1190
2181 -1189
2181 -1188
2181 -1187
2181 -1184
2207 -1142
2207 -1141
2207 -1138
2207 -1135
2250 -1073
2250 -1072
2250 -1071
2285 -1017
2287 -1017
2294 -1017
2349 -937
2354 -934
2358 -934
2352 -930
2352 -927
2415 -856
2415 -855
2415 -848
2467 -794
2469 -794
2475 -794
2542 -731
2541 -729
2541 -727
2537 -724
2544 -725
2544 -722
2596 -660
2597 -660
2601 -660
2593 -656
2593 -654
2602 -656
2596 -653
2616 -654
2614 -651
2619 -652
2615 -650
2619 -650
2711 -566
2707 -563
2707 -562
2704 -559
2713 -560
2768 -503
2820 -458
2830 -456
2823 -453
2824 -452
2822 -451
2830 -452
2825 -449
2824 -448
2911 -387
2906 -384
2910 -383
2911 -383
2909 -382
2902 -378
2911 -378
2963 -357
2961 -355
2964 -350
2958 -349
2967 -348
3060 -288
3060 -287
3060 -286
3060 -285
3060 -282
3132 -234
3134 -234
3195 -194
80 -31
3199 -190
3202 -190
3205 -190
3198 -189
3204 -189
84 -31
3197 -185
3273 -152
3270 -149
3335 -139
3335 -138
3335 -136
3335 -134
3335 -132
3335 -131
3389 -119
3380 -117
3382 -116
3386 -116
3386 -115
3388 -115
3383 -113
3388 -113
3381 -109
3472 -102
81 -28
3467 -97
3471 -97
3464 -95
3469 -95
3467 -94
3504 -92
3504 -89
3504 -88
3504 -87
3569 -82
3575 -82
3576 -82
3637 -70
3639 -70
3641 -70
3643 -70
3724 -65
3726 -62
3726 -61
3729 -60
3740 -54
3745 -54
3747 -54
3806 -44
3808 -44
3959 -43
3829 -42
3831 -42
3833 -42
3835 -42
3836 -42
3955 -42
3957 -42
3805 -41
3954 -41
3808 -40
3955 -40
3811 -39
3959 -38
3805 -37
3911 -35
3959 -35
3960 -35
3962 -35
3912 -34
3959 -34
3904 -32
3903 -31
3997 -30
3999 -30
4003 -30
4005 -30
3911 -29
3908 -27
3911 -27
-12 -26
-8 -26
4060 -21
84 -25
4049 34
4044 35
4053 40
4051 41
4044 41
4047 42
4043 130
4043 134
140 -19
138 -19
137 -19
133 -19
4028 215
4024 216
4022 216
4022 218
4027 219
4018 224
4020 225
240 -7
244 -6
217 -8
4013 291
300 -1
4017 293
247 -5
4016 295
4013 295
4013 298
217 -7
307 1
309 2
217 -5
248 -2
247 -2
302 3
3988 359
367 11
3978 359
239 -1
382 14
372 13
239 0
246 1
382 15
409 18
405 18
309 8
382 16
308 9
373 16
382 17
428 22
374 17
382 19
3956 431
3947 430
372 21
368 21
524 41
524 43
3931 480
490 39
3933 482
3932 487
3937 488
3934 488
524 47
3905 510
3905 511
3905 513
3905 520
524 50
3854 590
3862 595
3858 596
3854 597
3857 599
3853 600
3808 659
3807 659
3804 659
3802 659
3801 659
623 89
625 90
619 91
620 95
3758 726
3757 726
3754 726
3749 726
3748 726
719 125
718 126
716 126
713 128
3734 770
3725 769
715 131
712 132
711 135
783 153
782 153
780 153
779 153
778 153
777 153
3662 843
3662 845
3662 846
3662 847
3662 848
3662 851
3630 885
-17 -26
-10 -187
40 -346
78 -461
128 -564
130 -567
284 -783
517 -1056
594 -1137
713 -1243
829 -1345
922 -1405
996 -1451
1080 -1501
1200 -1546
1234 -1557
1324 -1586
1422 -1612
1426 -1613
1504 -1628
1587 -1642
1938 -1673
1944 -1673
2012 -1667
4060 -24
4060 -17
4043 135
4017 294
3940 487
3862 598
3734 775
3630 889
3488 1044
3424 1107
3380 1149
3242 1268
3116 1353
3032 1400
2933 1449
2748 1517
2491 1572
2415 1584
2267 1604
2224 1608
2073 1620
2069 1620
2013 1616
-12 -106
-5 -187
-4 -187
20 -269
20 -268
20 -265
20 -264
20 -260
41 -346
-2 -105
45 -346
46 -346
61 -404
61 -402
61 -398
61 -396
-2 -97
61 -394
84 -461
87 -461
111 -528
112 -528
116 -528
117 -528
118 -528
130 -563
130 -561
135 -566
137 -568
189 -647
190 -647
197 -654
230 -701
231 -698
235 -695
237 -695
285 -783
288 -783
289 -783
360 -867
360 -866
360 -864
360 -862
418 -939
418 -937
418 -936
418 -935
418 -933
418 -932
418 -931
517 -1053
517 -1051
517 -1048
582 -1118
582 -1116
594 -1136
582 -1113
594 -1133
594 -1131
582 -1108
646 -1177
648 -1177
654 -1177
655 -1177
714 -1242
713 -1238
715 -1241
713 -1236
719 -1243
718 -1239
717 -1237
775 -1293
775 -1290
775 -1289
775 -1288
775 -1287
829 -1341
829 -1339
864 -1359
867 -1358
869 -1352
871 -1352
921 -1399
924 -1403
925 -1403
928 -1407
926 -1404
927 -1403
1072 -1493
1075 -1496
1080 -1500
1078 -1497
1081 -1498
1080 -1496
1081 -1496
1079 -1493
1165 -1529
1168 -1521
1173 -1525
1172 -1523
1175 -1520
1175 -1519
1203 -1546
1205 -1546
1209 -1546
1232 -1554
1237 -1557
1236 -1555
1232 -1550
1241 -1558
1234 -1549
1239 -1554
1237 -1550
1333 -1586
1401 -1600
1401 -1598
1401 -1594
1424 -1611
1426 -1610
1421 -1604
1505 -1627
1505 -1625
1510 -1625
1587 -1640
1592 -1638
1591 -1635
1634 -1640
1634 -1638
1634 -1635
1634 -1633
1634 -1631
1702 -1644
1702 -1641
1702 -1640
1702 -1637
1789 -1651
1795 -1654
1794 -1653
1788 -1644
1850 -1651
1891 -1661
1893 -1659
1893 -1656
1898 -1660
1900 -1659
1901 -1659
1901 -1658
1898 -1652
1944 -1666
1945 -1665
1946 -1664
2014 -1662
2034 -1590
2034 -1587
2041 -1591
2032 -1582
2039 -1587
2036 -1583
2040 -1584
2038 -1539
2038 -1538
2038 -1533
2046 -1480
2049 -1482
2047 -1479
2045 -1474
2046 -1474
2049 -1476
2051 -1475
2053 -1473
2084 -1385
2104 -1344
2109 -1342
2112 -1343
2111 -1342
2109 -1340
2109 -1339
2114 -1341
2111 -1335
2116 -1322
2129 -1267
2137 -1269
2134 -1266
2136 -1265
2131 -1261
2181 -1191
2181 -1186
2181 -1183
2207 -1136
2250 -1070
2250 -1069
2250 -1068
2250 -1067
2250 -1064
2284 -1017
2286 -1017
2289 -1017
2291 -1017
2292 -1017
2358 -935
2357 -934
2356 -931
2350 -928
2353 -928
2353 -927
2415 -854
2415 -852
2415 -851
2415 -849
2415 -847
2466 -794
2470 -794
2472 -794
2473 -794
2476 -794
2535 -730
2536 -729
2537 -729
2542 -730
2538 -728
2543 -726
2534 -721
2540 -722
2592 -662
2594 -660
2599 -659
2600 -655
2594 -652
2601 -652
2612 -654
2618 -654
2612 -646
2619 -647
2613 -645
2611 -644
2621 -646
2708 -568
2768 -511
2768 -510
2768 -507
2768 -504
2768 -501
2828 -457
2822 -454
2824 -453
2821 -452
2828 -451
2830 -451
2912 -388
2910 -386
2904 -383
2908 -381
2903 -380
2909 -380
2904 -378
2958 -358
2959 -355
2965 -355
2957 -353
2961 -352
2960 -349
2964 -349
2965 -349
3060 -291
3060 -281
3127 -234
3133 -234
3136 -234
3204 -188
3201 -187
3203 -185
82 -30
3275 -156
3271 -153
3265 -152
3265 -148
82 -29
3386 -118
3384 -117
3379 -116
3379 -112
3384 -112
3380 -109
3463 -100
3467 -99
3504 -96
3467 -95
3468 -95
3504 -95
3504 -94
3467 -92
3504 -90
3570 -82
3572 -82
3578 -82
3579 -82
3636 -70
3638 -70
3640 -70
3645 -70
3730 -67
76 -27
3727 -65
3723 -63
3721 -58
3739 -54
3741 -54
3803 -46
3808 -43
3805 -42
3827 -42
3828 -42
3832 -42
3834 -42
3960 -42
3961 -42
3955 -41
3913 -36
3912 -35
3909 -33
3953 -33
3912 -32
3904 -30
3911 -30
3998 -30
4000 -30
4001 -30
4002 -30
4006 -30
-16 -26
-11 -26
4060 -20
4060 -19
4060 -18
4049 37
4044 38
4049 39
4046 39
4047 43
4044 43
4043 131
4043 132
75 -22
136 -19
135 -19
134 -19
217 -13
4026 217
4019 218
4026 220
4023 220
4023 223
249 -9
244 -8
243 -8
246 -6
4010 293
245 -5
4007 301
301 3
246 -2
217 -4
428 16
3987 359
3985 359
3983 359
3982 359
3980 359
377 12
376 12
240 -1
428 18
377 14
305 7
411 18
410 18
403 18
402 18
428 21
303 8
368 17
428 24
3956 430
3953 430
3951 431
3950 431
3957 432
371 19
376 20
368 20
382 23
382 24
524 42
489 39
3937 482
480 38
3940 484
3939 484
3933 484
524 44
3937 487
3935 487
489 42
3905 514
490 44
3905 516
3905 517
3905 519
481 44
482 45
490 48
587 68
3860 594
3860 596
587 71
3860 597
3855 597
587 72
587 73
587 77
587 78
627 85
3809 659
3806 659
3803 659
3800 659
620 90
625 92
623 92
626 94
621 94
3755 726
3752 726
711 127
710 127
3735 771
3733 773
3726 772
3727 778
711 133
718 135
775 153
773 153
3662 844
3662 849
3630 879
3630 881
3630 882
3630 883
3630 887
3630 888
841 195
840 195
500 500
1057 -3376
457 -2226
1770 -4388
211 -1529
433 -2155
1184 -3564
2360 -5095
1812 -4454
1157 -3526
1518 -4079
1351 -3829
15457 7175
15031 7537
1404 -3914
287 -1746
1945 -4630
-1 -411
214 -1537
114 -1175
60 -852
1518 -4077
18969 3412
1875 -4537
242 -1616
1351 -3827
463 -2218
3 -498
18813 3645
19255 2941
11572 9417
1008 -3308
333 -1906
8401 -9346
187 -1442
8 -431
61 -871
660 -2637
1182 -3557
883 -3070
6099 -8283
1977 -4677
804 -2931
7 -557
38 -728
19255 2944
490 -2311
999 -3269
-15 -197
163 -1318
4752 -7340
1771 -4388
1650 -4221
14201 8152
760 -2831
1651 -4228
1518 -4070
2407 -5167
1164 -3526
244 -1616
1947 -4622
5532 -7908
1233 -3653
725 -2765
17030 5683
1985 -4676
2596 -5361
0 -423
1064 -3376
8058 -9231
881 -3066
84 -960
-12 -257
750 -2824
466 -2212
1097 -3439
2407 -5165
263 -1689
7240 -8898
8738 -9440
2674 -5450
2465 -5220
1805 -4454
27 -652
103 -1091
1943 -4631
41 -799
2359 -5101
588 -2492
-15 -200
1179 -3565
3471 -6265
112 -1172
9837 -9594
1944 -4623
45 -806
7 -500
7 -502
804 -2925
466 -2214
363 -1953
2087 -4789
824 -2962
1258 -3693
1312 -3773
89 -1018
1985 -4674
1495 -4038
1983 -4672
85 -960
7242 -8901
20220 380
289 -1746
843 -3002
827 -2966
105 -1099
333 -1897
56 -871
660 -2643
14040 8265
2353 -5096
1312 -3771
1187 -3560
2674 -5452
615 -2554
2359 -5100
1351 -3826
1233 -3660
2213 -4940
2184 -4907
143 -1223
2184 -4904
1694 -4308
2407 -5162
2821 -5604
2282 -5024
645 -2598
5123 -7618
2671 -5448
1984 -4671
1769 -4391
161 -1338
12814 8944
59 -873
1351 -3828
10976 9543
2184 -4908
408 -2090
13060 8825
8998 -9494
274 -1716
1691 -4308
2041 -4725
2543 -5308
760 -2840
4 -430
1944 -4631
304 -1805
29 -728
3 -430
19530 2425
1642 -4228
19922 1550
187 -1440
61 -875
550 -2420
820 -2965
1497 -4032
13462 8612
999 -3273
1102 -3439
19897 1617
2036 -4725
276 -1716
826 -2956
1312 -3769
2466 -5222
-6 -347
1102 -3435
2469 -5228
913 -3110
1642 -4229
1647 -4225
-1 -414
2676 -5446
137 -1229
2823 -5609
17693 4994
86 -960
165 -1372
1012 -3299
213 -1531
41 -804
-1 -412
500 -2304
285 -1746
6653 -8598
2285 -5029
1233 -3655
2213 -4945
218 -1532
643 -2598
213 -1530
2352 -5098
1977 -4674
60 -848
946 -3189
-15 -190
18631 3898
164 -1318
357 -1958
80 -960
312 -1802
2407 -5164
60 -868
697 -2719
461 -2232
1010 -3308
19590 2311
19795 1870
1312 -3766
495 -2313
12060 9258
-15 -192
885 -3070
15 -555
2548 -5308
112 -1173
843 -3004
823 -2957
3 -505
159 -1372
18043 4623
10385 9626
9637 -9583
1158 -3526
-1 -501
881 -3067
1774 -4385
4485 -7125
246 -1616
637 -2598
11431 9450
8058 -9232
2355 -5100
2281 -5021
459 -2234
216 -1535
7571 -9041
588 -2494
1233 -3662
57 -866
2670 -5446
59 -867
12454 9104
2033 -4725
471 -2214
263 -1687
12627 9029
2597 -5361
9921 -9598
2277 -5028
2542 -5308
2 -499
375 -2007
19822 1806
9 -425
-25 -138
-18 17
490 -2312
2 -424
497 -2314
2286 -5020
464 -2208
725 -2770
375 -2010
19531 2425
217 -1534
526 -2368
1402 -3909
613 -2548
619 -2554
263 -1694
2601 -5361
2213 -4937
375 -2002
263 -1690
1701 -4308
431 -2155
7105 -8835
216 -1533
19793 1877
2407 -5160
9943 -9599
19876 1671
2359 -5096
1184 -3556
1266 -3691
1233 -3658
263 -1695
27 -648
12291 9174
10979 9543
17623 5068
1014 -3303
2090 -4794
20133 881
79 -1018
913 -3114
10939 9550
405 -2089
302 -1809
10693 9593
611 -2546
588 -2489
270 -1716
4748 -7337
1312 -3774
1233 -3657
306 -1803
355 -1952
2407 -5161
2971 -5770
16854 5863
999 -3277
19651 2193
2283 -5024
2278 -5022
13909 8351
333 -1900
10109 9635
27 -654
558 -2421
9174 -9524
14593 7877
1095 -3441
1181 -3556
161 -1340
19898 1614
1 -426
660 -2644
-20 -260
588 -2488
399 -2091
9557 -9577
2134 -4851
555 -2412
1399 -3912
10457 9618
18968 3412
2466 -5226
7 -498
1877 -4537
60 -853
20206 491
725 -2766
271 -1716
2140 -4844
-12 -255
1940 -4629
402 -2097
1312 -3772
1351 -3830
1233 -3656
279 -1716
309 -1802
1407 -3906
404 -2092
9639 -9582
1060 -3376
1055 -3376
134 -1223
1406 -3913
7105 -8833
20115 944
7572 -9041
119 -1176
2084 -4784
2141 -4846
1451 -3972
1403 -3906
10 -555
-24 -136
1813 -4454
2672 -5449
877 -3067
1261 -3694
1257 -3694
2184 -4905
2822 -5608
1097 -3435
2 -433
2081 -4786
10110 -9599
8997 -9494
333 -1905
-18 15
2749 -5529
4056 -6778
1871 -4537
2277 -5021
12819 8943
1054 -3376
2085 -4784
140 -1222
20236 17
356 -1958
1878 -4537
20059 1135
2471 -5229
554 -2418
1266 -3697
10698 9593
358 -1954
11262 9488
280 -1746
760 -2833
120 -1178
3351 -6152
162 -1318
1948 -4621
60 -857
1094 -3440
1879 -4537
47 -805
2141 -4852
2134 -4847
8598 -9403
12060 9256
1503 -4031
357 -1959
702 -2719
20074 1085
14037 8266
406 -2094
213 -1534
9551 -9577
16268 6427
1585 -4145
14043 8262
8744 -9440
2677 -5448
2463 -5222
-15 -194
-6 -350
263 -1686
212 -1533
2672 -5454
18758 3724
612 -2547
552 -2415
825 -2965
588 -2496
947 -3189
-11 -264
465 -2232
1351 -3831
18439 4157
275 -1716
1449 -3973
2087 -4790
1408 -3915
750 -2829
1182 -3564
7377 -8964
2135 -4847
588 -2498
12624 9029
10117 -9598
1982 -4670
1496 -4031
286 -1746
20214 434
804 -2932
1582 -4145
6854 -8705
15032 7538
1013 -3299
20241 168
11572 9416
494 -2311
-15 -196
1183 -3563
20181 659
471 -2212
945 -3189
429 -2155
12 -559
3118 -5921
1980 -4672
1456 -3975
4620 -7234
-1 -413
4360 -7023
2825 -5611
60 -856
2749 -5521
1258 -3697
110 -1092
644 -2598
9255 -9537
913 -3116
3168 -5960
1643 -4229
461 -2230
2357 -5097
1648 -4226
16855 5860
217 -1535
1181 -3555
44 -804
588 -2495
403 -2088
216 -1534
1233 -3652
1406 -3909
10203 9631
2674 -5449
3123 -5921
725 -2773
430 -2155
428 -2155
333 -1896
1880 -4537
999 -3274
3006 -5803
2080 -4789
238 -1616
55 -868
17622 5068
34 -728
953 -3189
20240 168
9255 -9536
1312 -3770
3070 -5855
106 -1094
1806 -4454
2135 -4844
113 -1093
3215 -6003
53 -868
638 -2598
20213 434
3011 -5801
10109 9634
3211 -5999
2353 -5098
2038 -4725
-6 -346
490 -2308
19923 1546
1263 -3699
660 -2638
2828 -5609
136 -1222
13305 8695
2749 -5519
466 -2209
750 -2825
1155 -3526
2670 -5451
660 -2645
112 -1099
307 -1806
63 -876
3171 -5966
47 -800
9946 -9598
60 -849
2 -501
876 -3063
1647 -4223
1400 -3905
18815 3640
18759 3719
8 -502
79 -960
554 -2414
2828 -5605
11348 9468
1768 -4395
2971 -5764
1059 -3376
27 -650
843 -3000
288 -1746
3063 -5855
8125 -9254
187 -1435
-1 -418
1447 -3971
1692 -4308
1259 -3698
27 -649
1872 -4537
2824 -5607
3127 -5921
3212 -6000
3 -431
18041 4621
6855 -8704
6657 -8600
-6 -342
-1 -420
10 -433
2896 -5687
3173 -5970
115 -1173
-15 -198
12 -552
2213 -4947
843 -3003
2141 -4843
760 -2837
2599 -5361
31 -728
3210 -6008
1007 -3306
913 -3115
1017 -3298
2749 -5522
2600 -5361
111 -1168
437 -2155
550 -2418
2035 -4725
161 -1336
375 -2005
3121 -5921
1256 -3689
263 -1693
660 -2646
78 -960
106 -1099
1695 -4308
9 -506
13905 8351
2830 -5614
3175 -5967
2136 -4848
725 -2764
660 -2636
1097 -3437
2213 -4946
82 -960
2825 -5607
1518 -4078
2591 -5361
2213 -4941
2546 -5308
3010 -5798
642 -2598
913 -3117
161 -1341
804 -2933
2549 -5308
333 -1899
1008 -3304
273 -1716
760 -2839
17994 4674
12291 9173
1404 -3912
1156 -3526
1233 -3661
27 -647
2903 -5690
1257 -3693
999 -3268
2083 -4789
2213 -4943
362 -1962
407 -2096
17028 5685
526 -2363
20114 944
465 -2210
2407 -5157
133 -1232
57 -870
16 -562
2547 -5308
263 -1691
4054 -6774
493 -2312
284 -1746
1518 -4069
107 -1092
467 -2212
1099 -3439
43 -802
1987 -4669
3207 -5998
3068 -5855
1645 -4225
467 -2211
1161 -3526
434 -2155
2037 -4725
62 -872
86 -1018
526 -2371
3067 -5855
1647 -4227
2407 -5163
215 -1539
3171 -5965
3178 -5962
2284 -5029
104 -1093
3004 -5794
1399 -3911
2824 -5604
2353 -5099
1501 -4028
8599 -9403
241 -1616
3002 -5793
4747 -7336
1777 -4391
2285 -5021
19877 1668
161 -1345
3349 -6150
660 -2640
1400 -3907
1351 -3825
2971 -5767
108 -1098
18440 4153
7 -552
1452 -3979
3178 -5968
161 -1343
1184 -3563
804 -2924
6325 -8411
19243 2962
-1 -421
18630 3898
-1 -416
247 -1616
1978 -4673
80 -1018
161 -1372
1094 -3432
12688 9001
1453 -3972
3004 -5796
1013 -3305
2593 -5361
470 -2209
108 -1096
725 -2769
7381 -8965
2598 -5361
13061 8824
402 -2093
3004 -5798
2279 -5025
2826 -5612
3009 -5802
1584 -4145
1095 -3437
2678 -5450
3214 -6005
3012 -5794
2353 -5095
187 -1438
37 -728
1456 -3973
1183 -3558
3173 -5964
310 -1800
948 -3189
464 -2230
3209 -6006
1983 -4676
13460 8613
6 -429
8269 -9301
8401 -9344
36 -728
463 -2228
999 -3271
725 -2763
2279 -5024
1769 -4385
804 -2926
0 -501
1257 -3692
164 -1372
3120 -5921
141 -1225
2467 -5225
2086 -4787
2284 -5028
843 -2995
824 -2958
3173 -5968
2280 -5021
3171 -5961
3176 -5969
168 -1372
2184 -4912
6386 -8446
750 -2828
2184 -4909
16264 6430
616 -2553
1403 -3908
3065 -5855
1165 -3526
154 -1318
750 -2821
39 -728
1016 -3300
843 -3001
617 -2550
3066 -5855
161 -1344
2670 -5445
2900 -5687
2971 -5763
20131 878
17693 4993
3470 -6262
804 -2923
588 -2493
725 -2767
1056 -3376
3213 -6004
615 -2550
704 -2719
951 -3189
13910 8348
3006 -5794
362 -1954
400 -2090
19594 2303
239 -1616
162 -1372
750 -2823
1186 -3558
2673 -5451
2903 -5684
7809 -9134
159 -1318
1063 -3376
1162 -3526
2827 -5612
15456 7171
1700 -4308
2184 -4913
458 -2226
19792 1877
60 -858
660 -2642
1938 -4624
-6 -343
9 -561
2086 -4789
2595 -5361
135 -1228
60 -866
3071 -5855
5533 -7907
640 -2598
263 -1685
1641 -4230
760 -2834
134 -1228
2139 -4849
54 -866
1985 -4673
5124 -7618
617 -2552
3126 -5921
2087 -4786
999 -3278
636 -2598
1941 -4624
1580 -4145
2213 -4939
1312 -3764
3169 -5970
2749 -5523
526 -2364
1257 -3691
456 -2229
760 -2832
2971 -5766
14674 7814
-6 -344
6104 -8283
760 -2830
187 -1436
1452 -3973
8 -496
14447 7979
9839 -9594
263 -1688
2544 -5308
436 -2155
612 -2553
-19 -259
20236 18
1814 -4454
2351 -5102
15617 7027
2084 -4790
187 -1445
1257 -3695
10385 9623
309 -1800
375 -2003
88 -960
1977 -4676
2355 -5095
886 -3072
1502 -4032
409 -2087
50 -798
2352 -5095
2545 -5308
1450 -3978
375 -2006
462 -2235
2971 -5765
1576 -4145
913 -3120
142 -1229
2895 -5682
1810 -4454
217 -1537
2131 -4842
1809 -4454
333 -1903
2827 -5613
913 -3118
2668 -5444
9176 -9524
3210 -6006
109 -1093
7 -559
3004 -5799
14593 7876
11435 9449
213 -1535
1103 -3432
3176 -5966
161 -1318
3005 -5800
375 -2009
9925 -9598
466 -2225
2899 -5691
2971 -5762
473 -2217
804 -2928
617 -2555
3177 -5965
2361 -5105
308 -1804
-1 -417
27 -646
3216 -6007
548 -2411
360 -1956
725 -2771
2550 -5308
3073 -5855
3128 -5921
243 -1616
19651 2191
1094 -3435
1160 -3526
187 -1443
161 -1337
2824 -5613
272 -1716
2903 -5688
20181 658
11195 9501
27 -644
703 -2719
468 -2208
3008 -5795
3124 -5921
2820 -5605
1312 -3767
2971 -5761
20075 1080
843 -3005
10118 -9597
1351 -3833
3008 -5794
1104 -3442
614 -2547
333 -1901
500 500
460 -2158
-3 -279
243 -1515
1060 -3406
8984 -9079
8339 -9019
1337 -3885
-4 -338
387 -1968
604 -2491
326 -1790
513 -2280
33 -639
2008 -4818
17828 3334
1832 -4590
1487 -4100
1405 -3987
1496 -4101
875 -3080
1119 -3528
1640 -4324
280 -1657
945 -3198
69 -799
18495 1536
352 -1839
283 -1656
1863 -4630
1456 -4062
5757 -8031
219 -1449
1195 -3665
3 -411
2028 -4849
12168 8532
17299 4140
550 -2359
2995 -5893
378 -1912
692 -2720
-29 16
11391 8843
2002 -4815
246 -1511
1126 -3534
7599 -8867
1487 -4102
2138 -4982
1648 -4325
2005 -4824
441 -2109
16633 4947
253 -1589
18107 2735
877 -3071
69 -804
658 -2600
15014 6589
311 -1727
12306 8461
8269 -9006
-6 -196
251 -1589
77 -860
-5 -195
1648 -4324
1863 -4626
217 -1444
1865 -4634
636 -2576
1062 -3406
17518 3828
30 -611
1734 -4474
715 -2769
3059 -5951
17828 3331
67 -803
2136 -4992
316 -1784
350 -1847
-1 -338
870 -3073
944 -3193
238 -1517
77 -900
210 -1445
964 -3243
9576 9138
1897 -4682
842 -2995
802 -2914
1109 -3485
111 -1034
78 -907
1948 -4747
-22 -164
1894 -4683
285 -1657
1250 -3734
287 -1656
401 -1975
653 -2603
18700 93
1012 -3315
2031 -4855
1203 -3655
14139 7326
440 -2110
2134 -4989
10 -524
488 -2203
282 -1657
75 -908
18693 24
33 -636
415 -2052
-16 -85
1744 -4470
0 -279
18693 217
2204 -5050
1493 -4098
-24 16
2186 -5031
1199 -3663
1540 -4176
141 -1186
1950 -4755
285 -1651
9667 9135
2006 -4817
8184 -8993
80 -903
905 -3135
158 -1212
303 -1731
1197 -3658
387 -1959
1333 -3890
11078 8936
1195 -3659
2005 -4819
7911 -8934
567 -2429
845 -2998
62 -796
101 -985
1196 -3662
318 -1780
11854 8681
7601 -8867
484 -2203
9568 9139
1688 -4389
10065 9105
5 -279
12515 8354
2199 -5054
18669 523
2130 -4992
937 -3196
105 -988
1448 -4062
906 -3135
548 -2357
637 -2573
305 -1731
218 -1444
2033 -4854
1688 -4384
1292 -3809
1894 -4678
355 -1846
9666 9135
1180 -3613
18188 2535
0 -463
11572 8792
4318 -7028
1007 -3312
372 -1913
181 -1274
1646 -4330
-1 -196
1688 -4383
798 -2912
795 -2919
-27 22
147 -1181
196 -1370
2033 -4852
1120 -3537
9862 9124
838 -2997
2131 -4992
372 -1912
1295 -3809
-26 -36
4963 -7499
6794 -8571
215 -1446
2321 -5200
17519 3828
1832 -4587
16187 5455
412 -2052
142 -1179
2030 -4852
1858 -4635
287 -1659
513 -2275
1401 -3989
1181 -3613
16972 4554
1894 -4686
212 -1441
12306 8462
149 -1187
7479 -8825
1242 -3734
1892 -4676
14003 7428
4100 -6856
16849 4698
767 -2855
1354 -3898
158 -1211
1639 -4323
84 -909
702 -2720
633 -2568
216 -1445
15669 5977
1337 -3893
1012 -3311
804 -2911
196 -1371
83 -860
1119 -3529
767 -2852
1898 -4676
693 -2720
1594 -4258
6931 -8627
2033 -4850
1897 -4681
1125 -3531
61 -794
1832 -4582
1406 -3987
399 -1975
400 -1975
255 -1589
387 -1960
18699 137
1790 -4531
11852 8680
18263 2343
11565 8791
111 -986
304 -1726
697 -2720
33 -637
720 -2769
0 -196
323 -1780
2004 -4816
67 -796
1858 -4634
17695 3559
141 -1112
-23 23
5 -460
907 -3135
545 -2360
460 -2156
16394 5222
608 -2491
248 -1510
1194 -3659
-23 -85
317 -1788
1202 -3664
1897 -4683
1742 -4475
1121 -3531
2128 -4987
1866 -4626
1492 -4094
942 -3196
676 -2665
146 -1186
17997 2987
7 -460
108 -1036
-8 -338
607 -2491
1832 -4588
2134 -4984
1494 -4098
18694 214
4 -463
1109 -3487
9188 -9089
12766 8220
11 -524
-5 -408
1353 -3898
9 -525
283 -1655
1891 -4673
2009 -4825
-19 -163
9337 9142
1200 -3661
1794 -4533
1790 -4538
1493 -4100
18678 432
7136 -8707
513 -2282
6182 -8274
767 -2854
306 -1726
15203 6414
6491 -8434
846 -2995
-11 -338
2000 -4818
1740 -4476
-27 -30
1449 -4062
1352 -3898
352 -1844
551 -2358
372 -1910
717 -2769
11059 8941
5756 -8032
4827 -7404
14647 6912
1289 -3809
18431 1782
47 -722
2186 -5034
284 -1654
639 -2573
8269 -9008
373 -1917
320 -1783
802 -2919
1734 -4477
18077 2807
2129 -4990
871 -3080
1341 -3884
844 -2994
269 -1618
6 -461
1794 -4532
489 -2203
795 -2912
445 -2112
867 -3077
1290 -3809
111 -1037
18597 1049
105 -1040
13471 7798
545 -2357
1795 -4541
257 -1589
9434 9142
180 -1268
302 -1721
325 -1788
9184 -9090
-2 -338
513 -2272
725 -2769
964 -3234
2186 -5033
1398 -3987
1187 -3607
142 -1178
767 -2848
3647 -6476
6 -519
3794 -6608
1737 -4472
1736 -4477
106 -1035
873 -3080
1 -464
1061 -3406
111 -995
1013 -3318
2095 -4935
1397 -3993
1688 -4392
1540 -4182
1189 -3604
460 -2151
-21 -164
11391 8846
418 -2052
10426 9063
1109 -3486
15671 5975
145 -1184
33 -633
2034 -4856
1187 -3609
214 -1440
700 -2720
1894 -4681
-12 -154
2186 -5039
1865 -4635
1187 -3610
1012 -3320
18583 1141
9337 -9085
1067 -3406
18165 2593
964 -3237
18348 2083
576 -2428
74 -907
1645 -4329
9287 -9091
16968 4556
460 -2161
375 -1913
10828 8997
12925 8135
79 -900
16632 4950
316 -1783
2024 -4848
14311 7188
2003 -4818
1351 -3898
-1 -459
17458 3915
260 -1589
640 -2578
676 -2674
10578 9043
376 -1917
18699 93
1488 -4100
8706 -9060
17302 4136
1649 -4327
136 -1112
106 -991
1593 -4251
-2 -458
1063 -3406
269 -1628
1898 -4674
246 -1512
937 -3191
10224 9091
1129 -3527
18315 2198
939 -3190
16300 5325
1540 -4173
656 -2599
2136 -4984
-14 -159
-21 -157
1688 -4391
10 -526
9283 -9094
575 -2431
-18 -161
13230 7949
513 -2276
1064 -3406
1109 -3492
414 -2052
269 -1622
1121 -3533
13961 7458
196 -1369
74 -860
1688 -4386
1247 -3734
-4 -279
567 -2434
5564 -7904
543 -2355
1589 -4254
325 -1781
2752 -5668
636 -2574
481 -2203
7137 -8707
1736 -4478
2025 -4853
1194 -3662
148 -1184
9862 9122
-5 -338
2263 -5117
82 -860
158 -1220
1350 -3898
1949 -4748
1012 -3316
911 -3135
306 -1731
2605 -5497
13 -521
1948 -4752
107 -1041
2690 -5574
1832 -4592
-5 -410
1109 -3483
1743 -4471
1406 -3995
1109 -3482
15079 6528
610 -2491
179 -1275
460 -2153
1338 -3886
6586 -8476
964 -3233
9425 9142
7057 -8676
16 -527
136 -1117
2491 -5374
1648 -4331
654 -2602
14645 6912
18033 2902
1832 -4584
1787 -4531
1065 -3406
387 -1964
8695 -9058
545 -2365
2202 -5047
1012 -3314
398 -1975
2261 -5117
387 -1962
724 -2769
2607 -5506
1126 -3535
2130 -4985
143 -1179
348 -1843
269 -1619
11176 8907
1293 -3809
-5 -411
393 -1975
2326 -5194
2095 -4931
8191 -8994
2007 -4821
395 -1975
1012 -3317
2757 -5660
17694 3559
2567 -5457
2132 -4989
800 -2916
4 -279
-10 -199
5762 -8034
-17 -85
283 -1658
676 -2667
15670 5976
870 -3074
9337 -9084
368 -1908
2330 -5196
138 -1119
839 -3000
940 -3191
2321 -5196
1894 -4685
1185 -3608
699 -2720
2494 -5379
1856 -4625
174 -1270
1495 -4098
285 -1654
964 -3242
1356 -3898
719 -2769
2757 -5668
12926 8134
2615 -5507
18668 523
837 -2993
2605 -5498
8706 -9059
150 -1188
651 -2596
1397 -3992
1642 -4324
874 -3072
-8 -191
56 -722
2095 -4940
-7 -189
355 -1845
1894 -4677
373 -1916
14883 6704
355 -1848
143 -1184
1012 -3313
258 -1589
196 -1366
2233 -5089
-20 -156
799 -2918
2462 -5340
2760 -5667
2133 -4986
1866 -4628
269 -1626
2209 -5051
1451 -4062
7632 -8874
874 -3078
8343 -9017
721 -2769
211 -1439
1179 -3614
2612 -5497
80 -860
548 -2365
80 -908
312 -1730
13682 7651
320 -1787
1901 -4682
2379 -5251
245 -1507
178 -1275
1339 -3893
283 -1659
2613 -5504
553 -2362
569 -2436
2456 -5340
108 -993
355 -1842
6182 -8273
17938 3108
1069 -3406
6493 -8434
1066 -3406
387 -1965
2568 -5457
53 -722
2756 -5665
1243 -3734
577 -2437
18314 2199
441 -2103
18347 2083
576 -2427
374 -1912
-10 -338
847 -2997
676 -2671
13227 7950
420 -2052
269 -1624
1894 -4684
-5 -279
319 -1787
1866 -4629
2137 -4983
1895 -4681
2757 -5664
2128 -4985
63 -798
2095 -4938
16393 5222
55 -722
1540 -4179
2379 -5247
18581 1141
1014 -3320
1642 -4328
110 -995
4317 -7026
-5 -413
1120 -3532
256 -1589
14003 7427
8 -521
158 -1214
131 -1110
81 -860
1128 -3530
2095 -4932
2186 -5036
2095 -4936
1202 -3660
115 -1044
2573 -5457
2754 -5665
2465 -5340
-7 -195
10578 9042
2259 -5117
12168 8531
317 -1786
1955 -4756
1900 -4676
12515 8353
676 -2664
218 -1441
1736 -4474
483 -2203
2029 -4851
513 -2274
1246 -3734
660 -2601
2325 -5197
419 -2052
1340 -3886
871 -3079
964 -3240
1898 -4682
1333 -3889
-1 -410
1790 -4539
572 -2434
9432 9142
694 -2720
1893 -4682
2379 -5250
1688 -4390
2264 -5117
14304 7192
303 -1727
2254 -5117
-7 -192
8984 -9078
6794 -8569
369 -1915
656 -2598
1016 -3318
2233 -5093
110 -990
656 -2603
658 -2598
10831 8995
3795 -6608
141 -1180
1012 -3319
1792 -4535
5564 -7903
17259 4190
18108 2730
1128 -3537
1740 -4480
17374 4032
964 -3235
-18 -164
1197 -3657
12142 8544
240 -1514
903 -3135
1404 -3990
2490 -5373
1540 -4177
487 -2203
602 -2491
2609 -5499
376 -1918
17302 4132
149 -1180
569 -2427
112 -1038
2607 -5498
-8 -192
377 -1909
1832 -4583
767 -2853
573 -2435
1832 -4585
134 -1117
436 -2102
2258 -5117
158 -1213
2205 -5044
2256 -5117
2325 -5198
74 -905
636 -2572
841 -2997
33 -643
2496 -5383
2325 -5200
-13 -161
1126 -3531
1595 -4261
1540 -4178
105 -1037
1405 -3991
353 -1848
2606 -5502
248 -1516
1202 -3665
2186 -5038
2490 -5375
209 -1440
7129 -8704
485 -2203
11052 8942
33 -611
317 -1781
2379 -5254
2574 -5457
436 -2106
173 -1277
1490 -4093
0 -414
2754 -5666
196 -1368
637 -2577
634 -2575
13478 7793
2379 -5257
107 -988
1458 -4062
2208 -5052
2032 -4847
2688 -5574
1407 -3985
-1 -194
600 -2491
422 -2052
319 -1780
1405 -3986
1688 -4387
1245 -3734
210 -1442
2233 -5087
18676 432
2569 -5457
134 -1115
718 -2769
1331 -3885
387 -1969
347 -1849
1894 -4682
2680 -5574
35 -611
639 -2575
2326 -5196
0 -408
-9 -338
310 -1728
2233 -5090
701 -2720
1999 -4820
2689 -5574
639 -2570
1894 -4679
2379 -5256
16185 5452
939 -3193
279 -1650
0 -460
676 -2673
18164 2593
2752 -5662
1355 -3898
109 -995
11962 8629
2320 -5192
33 -640
-7 -338
348 -1840
843 -3000
460 -2160
2186 -5030
2095 -4930
1454 -4062
1285 -3809
650 -2606
-1 -279
1489 -4101
490 -2203
2186 -5029
1586 -4254
2003 -4824
2233 -5088
1863 -4634
842 -3002
904 -3135
216 -1447
2611 -5499
357 -1843
259 -1589
2201 -5044
7 -456
4 -407
1863 -4635
14137 7326
1121 -3535
18076 2808
-22 -157
1832 -4589
1495 -4101
2606 -5503
871 -3074
4099 -6855
1450 -4062
1128 -3535
2758 -5661
1286 -3809
1012 -3321
-16 -163
1946 -4746
2135 -4986
2491 -5377
-15 -85
31 -611
571 -2428
402 -1975
144 -1186
48 -722
2755 -5659
-21 -85
2463 -5340
797 -2914
872 -3081
28 -611
964 -3241
10224 9090
2460 -5340
417 -2052
869 -3077
9337 9141
2464 -5340
11081 8934
79 -860
1864 -4635
839 -2996
-2 -192
4957 -7494
2993 -5891
1740 -4475
797 -2917
18495 1535
573 -2436
943 -3196
416 -2052
107 -993
1335 -3889
2260 -5117
2379 -5252
2329 -5202
1492 -4097
1742 -4479
1740 -4477
642 -2573
716 -2769
2095 -4933
2571 -5457
909 -3135
4829 -7405
13 -518
8 -455
1785 -4532
49 -722
5678 -7979
33 -638
2095 -4934
1486 -4103
1894 -4680
196 -1363
794 -2909
18690 24
146 -1187
71 -803
18596 1044
158 -1218
500 500
1917 -4505
10371 8764
42 -172
18008 1864
648 -2367
38 -114
457 -1855
891 -2861
34 -108
736 -2562
429 -1803
1024 -3133
9664 8867
943 -2968
576 -2168
2049 -4678
941 -2968
913 -2920
463 -1865
13730 7242
503 -2007
2308 -4990
14720 6483
125 -719
1070 -3205
640 -2367
124 -719
139 -830
2138 -4783
736 -2563
529 -2090
381 -1704
1925 -4502
696 -2486
780 -2646
428 -1801
1113 -3286
26 56
1746 -4282
1925 -4506
570 -2168
42 -170
252 -1273
17465 3063
98 -540
3820 -6454
25 52
389 -1698
49 -266
436 -1803
473 -1928
11945 8226
1186 -3423
1074 -3206
18191 1357
355 -1617
2223 -4900
2011 -4642
8407 -8734
13892 7131
1436 -3832
5557 -7654
1885 -4459
17834 2305
1323 -3660
149 -917
530 -2098
1834 -4398
123 -719
1807 -4370
681 -2445
2223 -4894
139 -834
58 -264
1024 -3134
449 -1855
1557 -4037
4400 -6892
216 -1149
395 -1721
1368 -3731
1919 -4510
16042 5147
1372 -3734
835 -2777
1883 -4462
473 -1927
1024 -3132
1346 -3703
7737 -8584
2100 -4727
1514 -3958
25 51
2277 -4963
93 -541
972 -3006
1183 -3394
1695 -4208
2223 -4903
1345 -3703
15386 5863
461 -1864
8877 -8779
1191 -3425
531 -2097
14743 6463
1194 -3424
71 -419
1891 -4457
51 -261
2099 -4725
2054 -4678
1323 -3661
1743 -4282
1374 -3730
1967 -4570
55 -257
1745 -4286
732 -2558
1743 -4280
50 -164
2101 -4728
843 -2779
964 -3016
889 -2862
10744 8667
966 -3006
18434 350
2304 -4990
216 -1148
1323 -3653
1345 -3712
1513 -3957
16966 3890
194 -1108
16966 3891
1484 -3916
6909 -8318
473 -1930
450 -1855
18452 123
3432 -6122
107 -662
10536 8727
235 -1214
1567 -4032
2053 -4678
1410 -3796
1739 -4279
645 -2367
1915 -4511
886 -2860
57 -264
26 -18
4067 -6650
326 -1539
284 -1390
6364 -8076
781 -2645
781 -2649
128 -755
1832 -4395
1006 -3102
2093 -4726
732 -2541
2457 -5174
1888 -4465
2045 -4678
447 -1855
431 -1802
4397 -6893
2284 -4963
1881 -4466
8002 -8652
7206 -8424
156 -917
2160 -4832
264 -1295
812 -2714
1137 -3334
44 -162
784 -2645
174 -1021
1561 -4037
2099 -4731
1279 -3581
100 -662
1188 -3431
95 -586
15386 5864
618 -2295
1886 -4461
307 -1456
95 -583
2013 -4642
504 -2029
14645 6546
1511 -3948
9114 -8796
88 -538
569 -2164
3739 -6385
17673 2666
331 -1543
508 -2007
1829 -4395
596 -2237
15181 6072
1352 -3709
7003 -8357
2307 -4990
13377 7473
735 -2559
1138 -3327
7285 -8448
16214 4932
505 -2032
1111 -3290
1693 -4209
174 -1017
95 -589
15883 5345
157 -917
52 -265
382 -1704
1656 -4146
913 -2926
1994 -4617
1070 -3202
332 -1536
1375 -3728
3036 -5765
394 -1721
1369 -3729
2138 -4790
1194 -3422
10329 8773
16919 3965
1967 -4573
1193 -3429
431 -1805
139 -833
1071 -3201
1180 -3393
9376 8888
2628 -5355
14880 6342
17205 3513
18270 1107
1001 -3107
698 -2486
503 -2006
1410 -3795
14177 6915
360 -1617
16340 4773
284 -1391
1517 -3949
307 -1455
32 -107
5921 -7855
513 -2035
15570 5676
1075 -3204
41 -155
2097 -4733
15881 5346
307 -1453
1108 -3286
10076 8819
162 -987
99 -662
1961 -4573
17466 3066
4753 -7141
1647 -4146
9376 8889
1562 -4040
2786 -5524
571 -2166
833 -2775
396 -1721
10333 8772
1182 -3398
12379 8029
1627 -4109
913 -2924
49 -158
1370 -3730
6614 -8195
599 -2235
532 -2089
1136 -3327
169 -985
703 -2486
592 -2233
120 -719
171 -992
7003 -8355
10831 8642
126 -719
1924 -4501
128 -748
1000 -3110
39 -52
1184 -3393
330 -1545
812 -2710
2099 -4730
2299 -4990
216 -1155
1916 -4501
1446 -3831
1376 -3737
45 -163
284 -1386
1105 -3288
1835 -4399
364 -1617
42 -158
129 -751
59 -346
14347 6785
168 -985
12658 7892
1130 -3333
6421 -8103
812 -2708
37 -114
1323 -3655
18334 879
1005 -3108
1440 -3822
398 -1721
1833 -4396
2164 -4832
11425 8434
390 -1721
2048 -4678
42 -176
183 -1027
1517 -3956
17596 2820
10539 8727
18333 883
56 -260
1351 -3706
1648 -4146
453 -1872
1323 -3651
693 -2486
670 -2387
1005 -3101
37 -56
2092 -4726
249 -1274
328 -1536
18453 46
646 -2367
11945 8225
18452 46
1195 -3432
9240 -8799
942 -2966
84 -493
18450 131
1187 -3392
106 -662
695 -2486
536 -2094
2405 -5113
18139 1503
2052 -4678
1113 -3287
1439 -3829
1649 -4146
9764 8858
216 -1152
2091 -4735
98 -548
1832 -4396
1967 -4571
9232 8883
528 -2095
841 -2769
669 -2389
1351 -3709
885 -2863
783 -2646
1410 -3797
1130 -3334
257 -1295
947 -2963
48 -162
12936 7745
182 -1026
95 -584
1348 -3704
2094 -4733
1744 -4283
45 -162
139 -837
1323 -3659
147 -917
257 -1273
256 -1295
681 -2441
35 -112
1921 -4505
174 -1023
1280 -3581
16443 4641
434 -1806
122 -719
13237 7562
1250 -3516
130 -756
8232 -8702
1192 -3428
538 -2099
2496 -5217
1371 -3727
537 -2091
663 -2384
79 -419
328 -1538
7285 -8449
354 -1617
331 -1539
1186 -3395
667 -2385
1181 -3398
732 -2547
1273 -3581
2223 -4896
1137 -3333
1187 -3391
1995 -4612
1484 -3911
265 -1295
1691 -4212
731 -2561
973 -3015
473 -1937
27 -18
74 -419
9117 -8796
1323 -3656
9182 -8799
104 -662
1521 -3953
3123 -5848
1801 -4377
430 -1809
510 -2032
1410 -3799
1693 -4217
1184 -3399
27 53
1410 -3794
131 -750
1445 -3825
5476 -7605
9434 8885
130 -748
2300 -4990
739 -2564
10464 8744
1024 -3136
473 -1934
1109 -3286
1625 -4109
1806 -4378
16339 4773
1692 -4213
1687 -4217
6423 -8106
1646 -4146
999 -3108
8877 -8782
842 -2777
284 -1385
697 -2486
1691 -4211
11212 8516
1624 -4109
94 -547
89 -548
661 -2394
2006 -4642
2276 -4963
1024 -3130
2628 -5358
5246 -7463
1801 -4379
438 -1805
2092 -4733
16894 4002
1070 -3209
671 -2391
1804 -4371
2412 -5106
2223 -4895
1888 -4457
2763 -5472
82 -493
12936 7744
39 -117
358 -1617
590 -2228
1375 -3730
1886 -4465
735 -2557
970 -3010
1922 -4506
232 -1214
2757 -5479
888 -2863
2558 -5266
2787 -5515
2637 -5358
2000 -4610
9233 8883
2302 -4990
85 -493
6227 -8008
77 -419
2786 -5519
176 -1024
234 -1214
45 -54
12651 7894
18009 1861
732 -2545
1367 -3733
59 -338
2757 -5475
5069 -7347
626 -2295
2014 -4642
2461 -5172
1834 -4400
1437 -3822
42 -177
1069 -3203
1517 -3950
782 -2644
139 -838
2138 -4788
216 -1150
240 -1214
2630 -5355
307 -1450
2463 -5170
2786 -5518
1072 -3203
731 -2562
12377 8029
732 -2544
18190 1359
333 -1544
2387 -5069
307 -1458
913 -2928
971 -3009
148 -917
2016 -4642
14719 6483
2306 -4990
2685 -5401
3820 -6452
2683 -5401
1024 -3129
2138 -4785
2283 -4963
1628 -4109
1178 -3394
1072 -3205
171 -987
2138 -4786
786 -2644
2754 -5481
335 -1536
3432 -6121
236 -1214
2562 -5276
4756 -7140
2637 -5355
1009 -3100
2387 -5073
1193 -3428
1410 -3793
172 -982
96 -545
284 -1387
1440 -3823
1354 -3702
1484 -3907
625 -2295
1344 -3705
2461 -5174
458 -1863
681 -2439
88 -493
2167 -4832
2465 -5172
15497 5750
649 -2367
595 -2238
620 -2295
1188 -3424
1345 -3705
284 -1382
2499 -5209
400 -1721
17832 2304
1410 -3798
1484 -3910
1003 -3110
2634 -5358
889 -2856
1438 -3825
836 -2774
9891 8841
2463 -5168
1995 -4616
1275 -3581
1024 -3138
238 -1214
34 -112
198 -1108
1375 -3734
2456 -5171
681 -2442
1374 -3733
76 -419
1884 -4457
1135 -3330
381 -1702
1886 -4460
2494 -5210
507 -2010
332 -1545
627 -2295
1246 -3516
1194 -3431
2457 -5169
171 -985
41 -47
1620 -4109
254 -1276
38 -52
91 -493
2408 -5115
18269 1102
1375 -3733
176 -1025
8002 -8651
619 -2295
8232 -8701
2499 -5214
4068 -6648
1106 -3289
399 -1721
81 -493
2223 -4893
732 -2540
284 -1383
528 -2091
509 -2029
165 -992
2385 -5073
2762 -5474
36 -115
95 -581
2402 -5107
882 -2862
136 -757
621 -2295
1829 -4397
1652 -4146
1140 -3337
3122 -5845
1276 -3581
1919 -4504
2223 -4902
239 -1214
2305 -4990
5246 -7461
1999 -4619
2101 -4725
2138 -4793
1621 -4109
1130 -3329
736 -2556
1410 -3800
5557 -7652
164 -983
511 -2031
2384 -5069
1691 -4213
2564 -5272
9240 -8798
1244 -3516
2787 -5516
251 -1273
9764 8857
249 -1267
1444 -3829
2755 -5477
947 -2966
1967 -4578
2679 -5401
2385 -5076
9658 8866
1623 -4109
70 -419
327 -1539
500 -2000
1192 -3429
263 -1295
1105 -3285
812 -2706
454 -1855
2500 -5216
42 -179
18448 159
8401 -8729
2138 -4789
781 -2652
55 -259
139 -840
2567 -5271
2410 -5115
1835 -4400
1131 -3331
48 -256
199 -1108
671 -2390
91 -544
812 -2707
2466 -5166
1068 -3210
913 -2921
913 -2922
95 -582
1371 -3733
15177 6072
180 -1017
389 -1697
2377 -5067
666 -2386
1801 -4378
1024 -3137
782 -2646
1008 -3103
5920 -7854
842 -2776
196 -1108
1919 -4507
3683 -6337
2566 -5271
779 -2643
46 -157
108 -662
1323 -3652
336 -1535
569 -2167
454 -1868
1112 -3290
17203 3513
2278 -4963
16443 4640
572 -2162
2632 -5355
1484 -3915
13239 7559
1444 -3823
1372 -3736
1804 -4379
1514 -3955
1323 -3654
812 -2711
18250 1166
883 -2861
2680 -5401
1193 -3424
1749 -4289
591 -2234
59 -339
732 -2549
970 -3007
2007 -4642
2788 -5518
531 -2094
1516 -3957
1346 -3709
121 -719
2407 -5113
2385 -5069
1741 -4287
1178 -3398
252 -1267
1564 -4034
881 -2855
5630 -7693
699 -2486
841 -2777
216 -1157
200 -1108
2633 -5359
18334 878
255 -1276
2764 -5482
473 -1929
510 -2031
2638 -5351
534 -2094
11393 8445
9176 -8798
1071 -3200
732 -2546
2055 -4678
1960 -4579
1891 -4463
567 -2171
2170 -4832
59 -340
473 -1932
34 -113
1186 -3426
1410 -3791
2274 -4963
571 -2168
1885 -4457
2381 -5072
591 -2231
536 -2096
473 -1931
10328 8773
1251 -3516
512 -2027
14769 6440
732 -2542
10830 8641
13890 7131
1278 -3581
127 -719
17595 2818
1654 -4146
913 -2918
596 -2229
2566 -5275
1177 -3401
1353 -3705
889 -2864
86 -493
2504 -5208
2757 -5473
10102 8814
2631 -5356
1520 -3950
2458 -5172
17597 2814
72 -419
127 -755
119 -719
126 -758
203 -1108
1808 -4369
622 -2295
1070 -3204
2762 -5480
2387 -5077
155 -917
2169 -4832
1918 -4506
284 -1388
47 -164
681 -2438
2632 -5357
1115 -3293
14347 6784
163 -989
1008 -3104
1484 -3914
14879 6342
14601 6581
1007 -3102
5407 -7562
1800 -4371
391 -1695
1697 -4218
381 -1700
6620 -8195
247 -1266
2138 -4791
139 -835
1558 -4036
884 -2857
139 -839
1745 -4281
18433 353
7743 -8582
2458 -5167
840 -2770
17673 2661
42 -50
507 -2030
388 -1696
357 -1617
939 -2969
886 -2859
2138 -4787
1253 -3516
1960 -4578
1996 -4610
1410 -3801
1105 -3291
2457 -5172
109 -662
1916 -4502
16918 3965
1990 -4609
2496 -5213
473 -1936
2161 -4832
13337 7498
1836 -4397
2093 -4725
2456 -5170
1826 -4393
90 -493
511 -2028
44 -164
130 -751
448 -1855
43 -161
129 -749
1181 -3391
2681 -5401
1626 -4109
152 -917
1484 -3913
1747 -4288
2494 -5214
2301 -4990
506 -2025
1959 -4569
132 -750
2678 -5401
3035 -5762
91 -547
1024 -3128
178 -1021
387 -1702
883 -2856
535 -2089
971 -3011
92 -544
2677 -5401
385 -1698
151 -917
1137 -3331
1185 -3425
812 -2716
256 -1267
681 -2447
80 -419
1282 -3581
2094 -4731
90 -542
2496 -5212
669 -2388
2138 -4792
13736 7237
2046 -4678
216 -1154
1110 -3287
16668 4321
2498 -5216
2785 -5515
1885 -4461
999 -3107
2008 -4642
432 -1809
59 -345
454 -1870
2686 -5401
11211 8516
569 -2169
42 -165
1136 -3331
812 -2715
2754 -5473
18434 347
216 -1156
7170 -8412
134 -754
776 -2642
